    0.99770E-02    0.39983E+02    0.40053E+00    0.29776E-16
    0.99770E-02    0.60017E+02    0.59946E+00    0.29788E-16
    0.51014E-01    0.60017E+02    0.59946E+00    0.29785E-16
    0.70629E-01    0.39984E+02    0.40053E+00    0.29776E-16
    0.70629E-01    0.60016E+02    0.59945E+00    0.29785E-16
    0.20004E-01    0.39992E+02    0.45015E+00    0.29777E-16
    0.40548E-01    0.39983E+02    0.40053E+00    0.29777E-16
    0.51064E-01    0.39992E+02    0.45016E+00    0.29776E-16
    0.19927E-01    0.60008E+02    0.54982E+00    0.29786E-16
    0.40420E-01    0.60008E+02    0.54982E+00    0.29786E-16
    0.79754E-01    0.39992E+02    0.45016E+00    0.29776E-16
    0.11174E+00    0.39992E+02    0.45016E+00    0.29774E-16
    0.10035E+00    0.39984E+02    0.40053E+00    0.29776E-16
    0.79669E-01    0.60008E+02    0.54981E+00    0.29785E-16
    0.11166E+00    0.60008E+02    0.54981E+00    0.29782E-16
    0.10026E+00    0.60016E+02    0.59945E+00    0.29785E-16
    0.14370E+00    0.39984E+02    0.40054E+00    0.29774E-16
    0.16409E+00    0.39993E+02    0.45016E+00    0.29771E-16
    0.28715E+01    0.40412E+02    0.45226E+00    0.28521E-16
    0.28935E+01    0.40410E+02    0.40481E+00    0.28469E-16
    0.29328E+01    0.40422E+02    0.40499E+00    0.28469E-16
    0.29500E+01    0.40436E+02    0.45243E+00    0.28414E-16
    0.37992E+01    0.40741E+02    0.45389E+00    0.27544E-16
    0.38213E+01    0.40741E+02    0.40810E+00    0.27474E-16
    0.42719E+01    0.40940E+02    0.41008E+00    0.26877E-16
    0.42498E+01    0.40939E+02    0.45488E+00    0.26954E-16
    0.38182E+01    0.59251E+02    0.54596E+00    0.27479E-16
    0.38024E+01    0.59267E+02    0.59187E+00    0.27549E-16
    0.33422E+01    0.59443E+02    0.59364E+00    0.28073E-16
    0.33587E+01    0.59428E+02    0.54685E+00    0.28011E-16
    0.57439E+01    0.58206E+02    0.58131E+00    0.24401E-16
    0.57559E+01    0.58188E+02    0.54064E+00    0.24296E-16
    0.71023E+01    0.57052E+02    0.53512E+00    0.20994E-16
    0.71226E+01    0.57043E+02    0.56989E+00    0.20864E-16
    0.22561E+00    0.60006E+02    0.54979E+00    0.29773E-16
    0.20527E+00    0.60015E+02    0.59942E+00    0.29778E-16
    0.14355E+00    0.60007E+02    0.54981E+00    0.29782E-16
    0.16419E+00    0.60015E+02    0.59944E+00    0.29778E-16
    0.47157E+00    0.59997E+02    0.54975E+00    0.29744E-16
    0.45146E+00    0.60006E+02    0.59933E+00    0.29753E-16
    0.41041E+00    0.60008E+02    0.59936E+00    0.29753E-16
    0.38958E+00    0.60001E+02    0.54977E+00    0.29761E-16
    0.26658E+00    0.60005E+02    0.54979E+00    0.29773E-16
    0.28732E+00    0.60013E+02    0.59941E+00    0.29768E-16
    0.34862E+00    0.60002E+02    0.54977E+00    0.29761E-16
    0.32839E+00    0.60011E+02    0.59939E+00    0.29768E-16
    0.96250E+00    0.59962E+02    0.54956E+00    0.29632E-16
    0.94287E+00    0.59972E+02    0.59897E+00    0.29650E-16
    0.90196E+00    0.59976E+02    0.59903E+00    0.29650E-16
    0.88078E+00    0.59969E+02    0.54962E+00    0.29667E-16
    0.75813E+00    0.59980E+02    0.54967E+00    0.29698E-16
    0.77923E+00    0.59986E+02    0.59914E+00    0.29682E-16
    0.83994E+00    0.59973E+02    0.54962E+00    0.29667E-16
    0.82018E+00    0.59983E+02    0.59909E+00    0.29682E-16
    0.51251E+00    0.59995E+02    0.54975E+00    0.29744E-16
    0.53344E+00    0.60002E+02    0.59930E+00    0.29734E-16
    0.57446E+00    0.60000E+02    0.59927E+00    0.29734E-16
    0.59446E+00    0.59991E+02    0.54971E+00    0.29723E-16
    0.71726E+00    0.59983E+02    0.54967E+00    0.29698E-16
    0.69738E+00    0.59992E+02    0.59918E+00    0.29711E-16
    0.63537E+00    0.59988E+02    0.54971E+00    0.29723E-16
    0.65638E+00    0.59995E+02    0.59923E+00    0.29711E-16
    0.19362E+01    0.59819E+02    0.54883E+00    0.29195E-16
    0.19177E+01    0.59831E+02    0.59754E+00    0.29229E-16
    0.18773E+01    0.59839E+02    0.59766E+00    0.29229E-16
    0.18556E+01    0.59835E+02    0.54894E+00    0.29264E-16
    0.17345E+01    0.59857E+02    0.54905E+00    0.29329E-16
    0.17562E+01    0.59861E+02    0.59788E+00    0.29298E-16
    0.18153E+01    0.59842E+02    0.54894E+00    0.29264E-16
    0.17966E+01    0.59854E+02    0.59777E+00    0.29297E-16
    0.14916E+01    0.59897E+02    0.54925E+00    0.29448E-16
    0.15132E+01    0.59902E+02    0.59828E+00    0.29420E-16
    0.15538E+01    0.59895E+02    0.59819E+00    0.29420E-16
    0.15727E+01    0.59884E+02    0.54916E+00    0.29392E-16
    0.16942E+01    0.59864E+02    0.54905E+00    0.29329E-16
    0.16753E+01    0.59876E+02    0.59799E+00    0.29362E-16
    0.16132E+01    0.59877E+02    0.54916E+00    0.29392E-16
    0.16348E+01    0.59882E+02    0.59809E+00    0.29362E-16
    0.10033E+01    0.59958E+02    0.54956E+00    0.29632E-16
    0.10245E+01    0.59964E+02    0.59891E+00    0.29612E-16
    0.10654E+01    0.59960E+02    0.59885E+00    0.29612E-16
    0.10849E+01    0.59949E+02    0.54949E+00    0.29593E-16
    0.12072E+01    0.59935E+02    0.54942E+00    0.29549E-16
    0.11878E+01    0.59946E+02    0.59870E+00    0.29572E-16
    0.11257E+01    0.59945E+02    0.54949E+00    0.29593E-16
    0.11470E+01    0.59951E+02    0.59878E+00    0.29572E-16
    0.14511E+01    0.59903E+02    0.54925E+00    0.29448E-16
    0.14320E+01    0.59914E+02    0.59837E+00    0.29474E-16
    0.13913E+01    0.59920E+02    0.59846E+00    0.29474E-16
    0.13698E+01    0.59914E+02    0.54934E+00    0.29500E-16
    0.12478E+01    0.59930E+02    0.54942E+00    0.29549E-16
    0.12692E+01    0.59936E+02    0.59863E+00    0.29525E-16
    0.13292E+01    0.59920E+02    0.54934E+00    0.29500E-16
    0.13100E+01    0.59931E+02    0.59855E+00    0.29525E-16
    0.19764E+01    0.59811E+02    0.54883E+00    0.29195E-16
    0.19982E+01    0.59815E+02    0.59742E+00    0.29158E-16
    0.20384E+01    0.59807E+02    0.59730E+00    0.29158E-16
    0.20568E+01    0.59795E+02    0.54870E+00    0.29120E-16
    0.21771E+01    0.59769E+02    0.54857E+00    0.29042E-16
    0.21588E+01    0.59781E+02    0.59704E+00    0.29082E-16
    0.20969E+01    0.59786E+02    0.54870E+00    0.29120E-16
    0.21187E+01    0.59790E+02    0.59717E+00    0.29082E-16
    0.24166E+01    0.59712E+02    0.54828E+00    0.28870E-16
    0.23987E+01    0.59725E+02    0.59647E+00    0.28914E-16
    0.23588E+01    0.59735E+02    0.59662E+00    0.28914E-16
    0.23369E+01    0.59732E+02    0.54843E+00    0.28957E-16
    0.22170E+01    0.59760E+02    0.54857E+00    0.29042E-16
    0.22389E+01    0.59763E+02    0.59690E+00    0.29000E-16
    0.22970E+01    0.59741E+02    0.54843E+00    0.28957E-16
    0.22789E+01    0.59754E+02    0.59676E+00    0.29000E-16
    0.28912E+01    0.59582E+02    0.54762E+00    0.28475E-16
    0.28739E+01    0.59595E+02    0.59517E+00    0.28527E-16
    0.28345E+01    0.59607E+02    0.59534E+00    0.28527E-16
    0.28125E+01    0.59605E+02    0.54780E+00    0.28579E-16
    0.26942E+01    0.59639E+02    0.54797E+00    0.28680E-16
    0.27162E+01    0.59641E+02    0.59568E+00    0.28631E-16
    0.27731E+01    0.59616E+02    0.54780E+00    0.28579E-16
    0.27557E+01    0.59630E+02    0.59552E+00    0.28631E-16
    0.24564E+01    0.59702E+02    0.54828E+00    0.28870E-16
    0.24783E+01    0.59705E+02    0.59632E+00    0.28824E-16
    0.25181E+01    0.59695E+02    0.59617E+00    0.28824E-16
    0.25358E+01    0.59682E+02    0.54813E+00    0.28777E-16
    0.26547E+01    0.59650E+02    0.54797E+00    0.28680E-16
    0.26371E+01    0.59663E+02    0.59585E+00    0.28730E-16
    0.25755E+01    0.59671E+02    0.54813E+00    0.28777E-16
    0.25974E+01    0.59674E+02    0.59601E+00    0.28730E-16
    0.13089E+01    0.40078E+02    0.45058E+00    0.29520E-16
    0.13303E+01    0.40072E+02    0.40142E+00    0.29495E-16
    0.15132E+01    0.40098E+02    0.40169E+00    0.29416E-16
    0.14916E+01    0.40103E+02    0.45071E+00    0.29444E-16
    0.38958E+00    0.39999E+02    0.45019E+00    0.29755E-16
    0.41041E+00    0.39992E+02    0.40061E+00    0.29748E-16
    0.45146E+00    0.39994E+02    0.40064E+00    0.29748E-16
    0.47157E+00    0.40003E+02    0.45022E+00    0.29738E-16
    0.63593E+00    0.40004E+02    0.40075E+00    0.29717E-16
    0.65587E+00    0.40013E+02    0.45028E+00    0.29704E-16
    0.69676E+00    0.40016E+02    0.45028E+00    0.29704E-16
    0.71782E+00    0.40009E+02    0.40079E+00    0.29691E-16
    0.75879E+00    0.40012E+02    0.40084E+00    0.29691E-16
    0.77861E+00    0.40022E+02    0.45032E+00    0.29675E-16
    0.81947E+00    0.40025E+02    0.45032E+00    0.29675E-16
    0.84061E+00    0.40019E+02    0.40089E+00    0.29661E-16
    0.20507E+00    0.39994E+02    0.45016E+00    0.29771E-16
    0.22576E+00    0.39986E+02    0.40055E+00    0.29766E-16
    0.22189E+01    0.40232E+02    0.40307E+00    0.29035E-16
    0.22371E+01    0.40245E+02    0.45147E+00    0.28994E-16
    0.21788E+01    0.40223E+02    0.40294E+00    0.29035E-16
    0.21570E+01    0.40227E+02    0.45133E+00    0.29075E-16
    0.21170E+01    0.40218E+02    0.45133E+00    0.29075E-16
    0.20987E+01    0.40206E+02    0.40281E+00    0.29114E-16
    0.22770E+01    0.40254E+02    0.45147E+00    0.28994E-16
    0.22989E+01    0.40251E+02    0.40321E+00    0.28951E-16
    0.23388E+01    0.40260E+02    0.40336E+00    0.28951E-16
    0.23568E+01    0.40273E+02    0.45161E+00    0.28908E-16
    0.25181E+01    0.40305E+02    0.40381E+00    0.28818E-16
    0.25358E+01    0.40318E+02    0.45184E+00    0.28771E-16
    0.25755E+01    0.40329E+02    0.45184E+00    0.28771E-16
    0.25974E+01    0.40326E+02    0.40397E+00    0.28724E-16
    0.26371E+01    0.40337E+02    0.40413E+00    0.28724E-16
    0.26547E+01    0.40350E+02    0.45200E+00    0.28674E-16
    0.28322E+01    0.40401E+02    0.45226E+00    0.28521E-16
    0.28149E+01    0.40387E+02    0.40463E+00    0.28573E-16
    0.46539E+01    0.41140E+02    0.45597E+00    0.26302E-16
    0.46396E+01    0.41123E+02    0.41199E+00    0.26387E-16
    0.66709E+01    0.42539E+02    0.46296E+00    0.22125E-16
    0.66612E+01    0.42519E+02    0.42589E+00    0.22246E-16
    0.77604E+01    0.56320E+02    0.53149E+00    0.18824E-16
    0.77798E+01    0.56309E+02    0.56263E+00    0.18684E-16
    0.78057E+01    0.56277E+02    0.56215E+00    0.18683E-16
    0.78120E+01    0.56256E+02    0.53101E+00    0.18540E-16
    0.33007E+01    0.59448E+02    0.54695E+00    0.28073E-16
    0.32841E+01    0.59463E+02    0.59384E+00    0.28133E-16
    0.57102E+01    0.58230E+02    0.58166E+00    0.24401E-16
    0.56886E+01    0.58234E+02    0.54099E+00    0.24506E-16
    0.56548E+01    0.58258E+02    0.54099E+00    0.24506E-16
    0.56426E+01    0.58276E+02    0.58200E+00    0.24610E-16
    0.55869E+01    0.58304E+02    0.54133E+00    0.24711E-16
    0.56086E+01    0.58299E+02    0.58235E+00    0.24610E-16
    0.70733E+01    0.57081E+02    0.53512E+00    0.20994E-16
    0.70647E+01    0.57101E+02    0.57032E+00    0.21123E-16
    0.70150E+01    0.57138E+02    0.53555E+00    0.21251E-16
    0.70355E+01    0.57130E+02    0.57075E+00    0.21123E-16
    0.69857E+01    0.57167E+02    0.53555E+00    0.21251E-16
    0.69768E+01    0.57187E+02    0.57118E+00    0.21379E-16
    0.38560E+01    0.59236E+02    0.54596E+00    0.27479E-16
    0.38782E+01    0.59235E+02    0.59164E+00    0.27408E-16
    0.39316E+01    0.59204E+02    0.54572E+00    0.27336E-16
    0.39160E+01    0.59219E+02    0.59140E+00    0.27408E-16
    0.51719E+01    0.58568E+02    0.54265E+00    0.25497E-16
    0.51938E+01    0.58565E+02    0.58498E+00    0.25402E-16
    0.51368E+01    0.58589E+02    0.54265E+00    0.25497E-16
    0.51234E+01    0.58607E+02    0.58530E+00    0.25592E-16
    0.16955E+01    0.40128E+02    0.40198E+00    0.29325E-16
    0.16739E+01    0.40133E+02    0.45086E+00    0.29357E-16
    0.17360E+01    0.40135E+02    0.40209E+00    0.29325E-16
    0.17548E+01    0.40147E+02    0.45096E+00    0.29292E-16
    0.17951E+01    0.40154E+02    0.45096E+00    0.29292E-16
    0.18168E+01    0.40150E+02    0.40220E+00    0.29259E-16
    0.14511E+01    0.40097E+02    0.45071E+00    0.29444E-16
    0.14320E+01    0.40086E+02    0.40160E+00    0.29470E-16
    0.13698E+01    0.40086E+02    0.45062E+00    0.29495E-16
    0.13913E+01    0.40080E+02    0.40151E+00    0.29470E-16
    0.16335E+01    0.40126E+02    0.45086E+00    0.29357E-16
    0.16146E+01    0.40114E+02    0.40188E+00    0.29387E-16
    0.15525E+01    0.40113E+02    0.45076E+00    0.29416E-16
    0.15740E+01    0.40108E+02    0.40178E+00    0.29387E-16
    0.10245E+01    0.40036E+02    0.40106E+00    0.29607E-16
    0.10033E+01    0.40042E+02    0.45041E+00    0.29626E-16
    0.10654E+01    0.40040E+02    0.40113E+00    0.29606E-16
    0.10849E+01    0.40051E+02    0.45047E+00    0.29587E-16
    0.12682E+01    0.40072E+02    0.45058E+00    0.29520E-16
    0.12489E+01    0.40062E+02    0.40135E+00    0.29544E-16
    0.51251E+00    0.40005E+02    0.45022E+00    0.29738E-16
    0.53344E+00    0.39998E+02    0.40067E+00    0.29728E-16
    0.59446E+00    0.40009E+02    0.45025E+00    0.29717E-16
    0.57446E+00    0.40000E+02    0.40071E+00    0.29728E-16
    0.96250E+00    0.40038E+02    0.45041E+00    0.29626E-16
    0.94287E+00    0.40028E+02    0.40100E+00    0.29643E-16
    0.88078E+00    0.40031E+02    0.45035E+00    0.29661E-16
    0.90196E+00    0.40024E+02    0.40094E+00    0.29643E-16
    0.34862E+00    0.39998E+02    0.45019E+00    0.29755E-16
    0.32839E+00    0.39989E+02    0.40059E+00    0.29762E-16
    0.26658E+00    0.39995E+02    0.45017E+00    0.29766E-16
    0.28732E+00    0.39987E+02    0.40057E+00    0.29762E-16
    0.34194E+01    0.40585E+02    0.40655E+00    0.27942E-16
    0.33973E+01    0.40586E+02    0.45312E+00    0.28004E-16
    0.32452E+01    0.40524E+02    0.40594E+00    0.28127E-16
    0.32231E+01    0.40525E+02    0.45282E+00    0.28187E-16
    0.19764E+01    0.40189E+02    0.45114E+00    0.29188E-16
    0.19982E+01    0.40185E+02    0.40255E+00    0.29152E-16
    0.20568E+01    0.40205E+02    0.45126E+00    0.29114E-16
    0.20384E+01    0.40193E+02    0.40268E+00    0.29152E-16
    0.23967E+01    0.40283E+02    0.45161E+00    0.28908E-16
    0.24186E+01    0.40280E+02    0.40350E+00    0.28864E-16
    0.24763E+01    0.40303E+02    0.45176E+00    0.28818E-16
    0.24584E+01    0.40290E+02    0.40365E+00    0.28863E-16
    0.26942E+01    0.40361E+02    0.45200E+00    0.28674E-16
    0.27162E+01    0.40359E+02    0.40429E+00    0.28625E-16
    0.27731E+01    0.40384E+02    0.45217E+00    0.28573E-16
    0.27557E+01    0.40370E+02    0.40446E+00    0.28625E-16
    0.40445E+01    0.40845E+02    0.45450E+00    0.27183E-16
    0.40291E+01    0.40829E+02    0.40907E+00    0.27257E-16
    0.42127E+01    0.40921E+02    0.45488E+00    0.26954E-16
    0.41975E+01    0.40905E+02    0.40982E+00    0.27031E-16
    0.44751E+01    0.41039E+02    0.41115E+00    0.26636E-16
    0.44897E+01    0.41055E+02    0.45555E+00    0.26554E-16
    0.44383E+01    0.41020E+02    0.41088E+00    0.26636E-16
    0.44162E+01    0.41019E+02    0.45528E+00    0.26718E-16
    0.43054E+01    0.40965E+02    0.45501E+00    0.26876E-16
    0.43275E+01    0.40966E+02    0.41035E+00    0.26798E-16
    0.43794E+01    0.41001E+02    0.45527E+00    0.26718E-16
    0.43646E+01    0.40984E+02    0.41061E+00    0.26798E-16
    0.45263E+01    0.41074E+02    0.45555E+00    0.26554E-16
    0.45484E+01    0.41076E+02    0.41143E+00    0.26472E-16
    0.45993E+01    0.41111E+02    0.45583E+00    0.26387E-16
    0.45849E+01    0.41094E+02    0.41171E+00    0.26472E-16
    0.99155E+01    0.48640E+02    0.49313E+00    0.41058E-17
    0.99265E+01    0.48659E+02    0.48659E+00    0.39253E-17
    0.78376E+01    0.56224E+02    0.53101E+00    0.18540E-16
    0.78568E+01    0.56213E+02    0.56168E+00    0.18397E-16
    0.78823E+01    0.56181E+02    0.56120E+00    0.18397E-16
    0.78883E+01    0.56160E+02    0.53053E+00    0.18253E-16
    0.79135E+01    0.56127E+02    0.53053E+00    0.18253E-16
    0.79326E+01    0.56116E+02    0.56071E+00    0.18109E-16
    0.33973E+01    0.59414E+02    0.54685E+00    0.28011E-16
    0.34194E+01    0.59415E+02    0.59343E+00    0.27949E-16
    0.29304E+01    0.59570E+02    0.54762E+00    0.28475E-16
    0.29524E+01    0.59572E+02    0.59499E+00    0.28420E-16
    0.29917E+01    0.59559E+02    0.59481E+00    0.28420E-16
    0.30088E+01    0.59545E+02    0.54744E+00    0.28364E-16
    0.31090E+01    0.59522E+02    0.59443E+00    0.28309E-16
    0.31259E+01    0.59508E+02    0.54725E+00    0.28251E-16
    0.30478E+01    0.59533E+02    0.54744E+00    0.28364E-16
    0.30699E+01    0.59535E+02    0.59462E+00    0.28309E-16
    0.31648E+01    0.59495E+02    0.54725E+00    0.28251E-16
    0.31869E+01    0.59496E+02    0.59424E+00    0.28193E-16
    0.32426E+01    0.59468E+02    0.54705E+00    0.28133E-16
    0.32258E+01    0.59483E+02    0.59404E+00    0.28193E-16
    0.63438E+01    0.57741E+02    0.53841E+00    0.22963E-16
    0.63331E+01    0.57760E+02    0.57687E+00    0.23080E-16
    0.63013E+01    0.57786E+02    0.57726E+00    0.23080E-16
    0.62801E+01    0.57793E+02    0.53879E+00    0.23194E-16
    0.60540E+01    0.57970E+02    0.53955E+00    0.23646E-16
    0.60426E+01    0.57989E+02    0.57914E+00    0.23757E-16
    0.69267E+01    0.57224E+02    0.53597E+00    0.21506E-16
    0.69473E+01    0.57216E+02    0.57160E+00    0.21379E-16
    0.68971E+01    0.57252E+02    0.53597E+00    0.21506E-16
    0.68879E+01    0.57272E+02    0.57203E+00    0.21632E-16
    0.68374E+01    0.57309E+02    0.53639E+00    0.21757E-16
    0.68580E+01    0.57301E+02    0.57244E+00    0.21632E-16
    0.42684E+01    0.59052E+02    0.54496E+00    0.26882E-16
    0.42534E+01    0.59069E+02    0.58989E+00    0.26960E-16
    0.49240E+01    0.58713E+02    0.54326E+00    0.25867E-16
    0.49102E+01    0.58731E+02    0.58653E+00    0.25957E-16
    0.48524E+01    0.58753E+02    0.54356E+00    0.26046E-16
    0.48744E+01    0.58751E+02    0.58682E+00    0.25957E-16
    0.49597E+01    0.58693E+02    0.54326E+00    0.25867E-16
    0.49816E+01    0.58690E+02    0.58622E+00    0.25777E-16
    0.50662E+01    0.58631E+02    0.54296E+00    0.25684E-16
    0.50881E+01    0.58628E+02    0.58561E+00    0.25592E-16
    0.50308E+01    0.58652E+02    0.54296E+00    0.25684E-16
    0.50172E+01    0.58670E+02    0.58592E+00    0.25777E-16
    0.19362E+01    0.40181E+02    0.45114E+00    0.29188E-16
    0.19177E+01    0.40169E+02    0.40243E+00    0.29223E-16
    0.18556E+01    0.40165E+02    0.45102E+00    0.29259E-16
    0.18773E+01    0.40161E+02    0.40232E+00    0.29223E-16
    0.11257E+01    0.40055E+02    0.45047E+00    0.29587E-16
    0.11470E+01    0.40049E+02    0.40120E+00    0.29566E-16
    0.12072E+01    0.40065E+02    0.45055E+00    0.29544E-16
    0.11878E+01    0.40054E+02    0.40127E+00    0.29566E-16
    0.37612E+01    0.40725E+02    0.45389E+00    0.27544E-16
    0.37453E+01    0.40710E+02    0.40787E+00    0.27611E-16
    0.37072E+01    0.40695E+02    0.40764E+00    0.27612E-16
    0.36850E+01    0.40695E+02    0.45366E+00    0.27680E-16
    0.35925E+01    0.40650E+02    0.40720E+00    0.27747E-16
    0.35704E+01    0.40650E+02    0.45344E+00    0.27813E-16
    0.36469E+01    0.40680E+02    0.45366E+00    0.27680E-16
    0.36308E+01    0.40665E+02    0.40742E+00    0.27747E-16
    0.35320E+01    0.40636E+02    0.45344E+00    0.27813E-16
    0.35158E+01    0.40621E+02    0.40698E+00    0.27877E-16
    0.34551E+01    0.40607E+02    0.45323E+00    0.27942E-16
    0.34773E+01    0.40606E+02    0.40676E+00    0.27877E-16
    0.29892E+01    0.40449E+02    0.45243E+00    0.28414E-16
    0.30112E+01    0.40447E+02    0.40517E+00    0.28358E-16
    0.30504E+01    0.40459E+02    0.40536E+00    0.28358E-16
    0.30674E+01    0.40473E+02    0.45262E+00    0.28303E-16
    0.31843E+01    0.40512E+02    0.45282E+00    0.28187E-16
    0.31675E+01    0.40497E+02    0.40574E+00    0.28244E-16
    0.31064E+01    0.40486E+02    0.45262E+00    0.28303E-16
    0.31285E+01    0.40484E+02    0.40555E+00    0.28244E-16
    0.33587E+01    0.40572E+02    0.45312E+00    0.28004E-16
    0.33422E+01    0.40557E+02    0.40634E+00    0.28067E-16
    0.32813E+01    0.40545E+02    0.45292E+00    0.28127E-16
    0.33034E+01    0.40544E+02    0.40614E+00    0.28067E-16
    0.39881E+01    0.40821E+02    0.45437E+00    0.27257E-16
    0.39726E+01    0.40805E+02    0.40882E+00    0.27331E-16
    0.40820E+01    0.40862E+02    0.45450E+00    0.27183E-16
    0.41041E+01    0.40863E+02    0.40932E+00    0.27108E-16
    0.41568E+01    0.40896E+02    0.45475E+00    0.27031E-16
    0.41415E+01    0.40880E+02    0.40957E+00    0.27108E-16
    0.99098E+01    0.48600E+02    0.49313E+00    0.41058E-17
    0.99152E+01    0.48578E+02    0.48599E+00    0.42873E-17
    0.99093E+01    0.48538E+02    0.48538E+00    0.42878E-17
    0.98980E+01    0.48518E+02    0.49253E+00    0.44680E-17
    0.66249E+01    0.42498E+02    0.46276E+00    0.22247E-16
    0.66150E+01    0.42478E+02    0.42548E+00    0.22367E-16
    0.65841E+01    0.42451E+02    0.42508E+00    0.22367E-16
    0.65632E+01    0.42444E+02    0.46236E+00    0.22487E-16
    0.74466E+01    0.56699E+02    0.56634E+00    0.19933E-16
    0.74541E+01    0.56679E+02    0.53312E+00    0.19797E-16
    0.74190E+01    0.56730E+02    0.56679E+00    0.19934E-16
    0.73990E+01    0.56739E+02    0.53357E+00    0.20068E-16
    0.73714E+01    0.56770E+02    0.53357E+00    0.20068E-16
    0.73636E+01    0.56790E+02    0.56724E+00    0.20202E-16
    0.74814E+01    0.56648E+02    0.53312E+00    0.19797E-16
    0.75012E+01    0.56638E+02    0.56588E+00    0.19661E-16
    0.75284E+01    0.56607E+02    0.56543E+00    0.19660E-16
    0.75356E+01    0.56586E+02    0.53266E+00    0.19524E-16
    0.35925E+01    0.59350E+02    0.59278E+00    0.27754E-16
    0.35704E+01    0.59350E+02    0.54653E+00    0.27820E-16
    0.36308E+01    0.59335E+02    0.59256E+00    0.27754E-16
    0.36469E+01    0.59320E+02    0.54630E+00    0.27686E-16
    0.37612E+01    0.59275E+02    0.54608E+00    0.27549E-16
    0.37453E+01    0.59290E+02    0.59211E+00    0.27618E-16
    0.36850E+01    0.59305E+02    0.54630E+00    0.27686E-16
    0.37072E+01    0.59305E+02    0.59233E+00    0.27618E-16
    0.35320E+01    0.59364E+02    0.54653E+00    0.27820E-16
    0.35158E+01    0.59379E+02    0.59300E+00    0.27884E-16
    0.34551E+01    0.59393E+02    0.54674E+00    0.27949E-16
    0.34773E+01    0.59394E+02    0.59322E+00    0.27884E-16
    0.59059E+01    0.58080E+02    0.54010E+00    0.23976E-16
    0.58943E+01    0.58099E+02    0.58024E+00    0.24083E-16
    0.57894E+01    0.58164E+02    0.54064E+00    0.24296E-16
    0.58110E+01    0.58159E+02    0.58095E+00    0.24190E-16
    0.58562E+01    0.58116E+02    0.54028E+00    0.24083E-16
    0.58444E+01    0.58135E+02    0.58060E+00    0.24189E-16
    0.61999E+01    0.57857E+02    0.53899E+00    0.23309E-16
    0.61889E+01    0.57876E+02    0.57802E+00    0.23421E-16
    0.62320E+01    0.57831E+02    0.53899E+00    0.23309E-16
    0.62533E+01    0.57825E+02    0.57764E+00    0.23195E-16
    0.61353E+01    0.57907E+02    0.53936E+00    0.23534E-16
    0.61566E+01    0.57901E+02    0.57840E+00    0.23421E-16
    0.61028E+01    0.57932E+02    0.53936E+00    0.23534E-16
    0.60916E+01    0.57951E+02    0.57877E+00    0.23646E-16
    0.64854E+01    0.57623E+02    0.53782E+00    0.22610E-16
    0.64752E+01    0.57642E+02    0.57570E+00    0.22728E-16
    0.65166E+01    0.57596E+02    0.53782E+00    0.22610E-16
    0.65376E+01    0.57589E+02    0.57530E+00    0.22490E-16
    0.67470E+01    0.57392E+02    0.53681E+00    0.22005E-16
    0.67678E+01    0.57384E+02    0.57327E+00    0.21882E-16
    0.68074E+01    0.57337E+02    0.53639E+00    0.21757E-16
    0.67980E+01    0.57357E+02    0.57286E+00    0.21881E-16
    0.53335E+01    0.58479E+02    0.58402E+00    0.25209E-16
    0.53464E+01    0.58461E+02    0.54200E+00    0.25112E-16
    0.39693E+01    0.59188E+02    0.54572E+00    0.27336E-16
    0.39914E+01    0.59187E+02    0.59116E+00    0.27263E-16
    0.43054E+01    0.59035E+02    0.54496E+00    0.26882E-16
    0.43275E+01    0.59034E+02    0.58963E+00    0.26803E-16
    0.43646E+01    0.59016E+02    0.58936E+00    0.26803E-16
    0.43794E+01    0.58999E+02    0.54469E+00    0.26723E-16
    0.47444E+01    0.58812E+02    0.54385E+00    0.26221E-16
    0.47664E+01    0.58810E+02    0.58741E+00    0.26135E-16
    0.48165E+01    0.58773E+02    0.54356E+00    0.26046E-16
    0.48025E+01    0.58790E+02    0.58712E+00    0.26135E-16
    0.38560E+01    0.40764E+02    0.45401E+00    0.27474E-16
    0.38782E+01    0.40765E+02    0.40834E+00    0.27403E-16
    0.39316E+01    0.40796E+02    0.45425E+00    0.27331E-16
    0.39160E+01    0.40781E+02    0.40858E+00    0.27403E-16
    0.99237E+01    0.48701E+02    0.49344E+00    0.39244E-17
    0.99346E+01    0.48721E+02    0.48720E+00    0.37440E-17
    0.99397E+01    0.48761E+02    0.48780E+00    0.37435E-17
    0.99340E+01    0.48783E+02    0.49404E+00    0.35615E-17
    0.98919E+01    0.48478E+02    0.49252E+00    0.44680E-17
    0.98970E+01    0.48456E+02    0.48478E+00    0.46492E-17
    0.98906E+01    0.48416E+02    0.48417E+00    0.46497E-17
    0.98791E+01    0.48397E+02    0.49192E+00    0.48296E-17
    0.65322E+01    0.42417E+02    0.46236E+00    0.22487E-16
    0.65221E+01    0.42398E+02    0.42468E+00    0.22607E-16
    0.64908E+01    0.42371E+02    0.42428E+00    0.22607E-16
    0.64698E+01    0.42364E+02    0.46196E+00    0.22726E-16
    0.79510E+01    0.56078E+02    0.53029E+00    0.18108E-16
    0.79701E+01    0.56067E+02    0.56023E+00    0.17963E-16
    0.79949E+01    0.56034E+02    0.55974E+00    0.17963E-16
    0.80006E+01    0.56013E+02    0.52981E+00    0.17818E-16
    0.75625E+01    0.56555E+02    0.53266E+00    0.19524E-16
    0.75823E+01    0.56545E+02    0.56497E+00    0.19385E-16
    0.76090E+01    0.56514E+02    0.56450E+00    0.19385E-16
    0.76160E+01    0.56493E+02    0.53219E+00    0.19246E-16
    0.76426E+01    0.56462E+02    0.53219E+00    0.19246E-16
    0.76622E+01    0.56452E+02    0.56404E+00    0.19106E-16
    0.60098E+01    0.58013E+02    0.57951E+00    0.23757E-16
    0.59884E+01    0.58019E+02    0.53992E+00    0.23866E-16
    0.59555E+01    0.58043E+02    0.53992E+00    0.23866E-16
    0.59440E+01    0.58062E+02    0.57988E+00    0.23975E-16
    0.63754E+01    0.57715E+02    0.53841E+00    0.22963E-16
    0.63965E+01    0.57708E+02    0.57648E+00    0.22846E-16
    0.64385E+01    0.57662E+02    0.53802E+00    0.22729E-16
    0.64281E+01    0.57682E+02    0.57609E+00    0.22846E-16
    0.67167E+01    0.57420E+02    0.53681E+00    0.22005E-16
    0.67070E+01    0.57440E+02    0.57369E+00    0.22128E-16
    0.66556E+01    0.57475E+02    0.53722E+00    0.22249E-16
    0.66764E+01    0.57467E+02    0.57409E+00    0.22128E-16
    0.65632E+01    0.57556E+02    0.53762E+00    0.22490E-16
    0.65841E+01    0.57549E+02    0.57490E+00    0.22370E-16
    0.66249E+01    0.57502E+02    0.53722E+00    0.22249E-16
    0.66150E+01    0.57522E+02    0.57450E+00    0.22370E-16
    0.55529E+01    0.58327E+02    0.54133E+00    0.24711E-16
    0.55404E+01    0.58345E+02    0.58269E+00    0.24813E-16
    0.55061E+01    0.58368E+02    0.58302E+00    0.24813E-16
    0.54844E+01    0.58372E+02    0.54167E+00    0.24914E-16
    0.53810E+01    0.58439E+02    0.54200E+00    0.25112E-16
    0.54028E+01    0.58435E+02    0.58369E+00    0.25013E-16
    0.54501E+01    0.58394E+02    0.54167E+00    0.24914E-16
    0.54374E+01    0.58412E+02    0.58336E+00    0.25013E-16
    0.52245E+01    0.58536E+02    0.54249E+00    0.25402E-16
    0.52463E+01    0.58533E+02    0.58466E+00    0.25307E-16
    0.52943E+01    0.58493E+02    0.54216E+00    0.25209E-16
    0.52813E+01    0.58511E+02    0.58434E+00    0.25307E-16
    0.42161E+01    0.59086E+02    0.59015E+00    0.26960E-16
    0.41940E+01    0.59087E+02    0.54522E+00    0.27037E-16
    0.40291E+01    0.59171E+02    0.59091E+00    0.27263E-16
    0.40445E+01    0.59155E+02    0.54547E+00    0.27189E-16
    0.40820E+01    0.59138E+02    0.54547E+00    0.27189E-16
    0.41041E+01    0.59137E+02    0.59066E+00    0.27114E-16
    0.41568E+01    0.59104E+02    0.54522E+00    0.27037E-16
    0.41415E+01    0.59120E+02    0.59041E+00    0.27113E-16
    0.46031E+01    0.58896E+02    0.58827E+00    0.26392E-16
    0.45811E+01    0.58898E+02    0.54428E+00    0.26476E-16
    0.44162E+01    0.58981E+02    0.54469E+00    0.26723E-16
    0.44383E+01    0.58980E+02    0.58909E+00    0.26641E-16
    0.99389E+01    0.48823E+02    0.49404E+00    0.35615E-17
    0.99496E+01    0.48843E+02    0.48841E+00    0.33809E-17
    0.99542E+01    0.48884E+02    0.48902E+00    0.33805E-17
    0.99482E+01    0.48905E+02    0.49465E+00    0.31979E-17
    0.99526E+01    0.48946E+02    0.49465E+00    0.31979E-17
    0.99630E+01    0.48965E+02    0.48962E+00    0.30172E-17
    0.98724E+01    0.48356E+02    0.49192E+00    0.48296E-17
    0.98772E+01    0.48335E+02    0.48357E+00    0.50104E-17
    0.98703E+01    0.48294E+02    0.48297E+00    0.50108E-17
    0.98586E+01    0.48276E+02    0.49132E+00    0.51904E-17
    0.98515E+01    0.48235E+02    0.49132E+00    0.51904E-17
    0.98560E+01    0.48213E+02    0.48236E+00    0.53708E-17
    0.64385E+01    0.42338E+02    0.46196E+00    0.22726E-16
    0.64281E+01    0.42318E+02    0.42389E+00    0.22843E-16
    0.63965E+01    0.42292E+02    0.42349E+00    0.22843E-16
    0.63754E+01    0.42285E+02    0.46157E+00    0.22960E-16
    0.63438E+01    0.42259E+02    0.46157E+00    0.22960E-16
    0.63331E+01    0.42240E+02    0.42311E+00    0.23076E-16
    0.80251E+01    0.55980E+02    0.52981E+00    0.17818E-16
    0.80441E+01    0.55969E+02    0.55926E+00    0.17671E-16
    0.80685E+01    0.55936E+02    0.55877E+00    0.17670E-16
    0.80739E+01    0.55914E+02    0.52931E+00    0.17524E-16
    0.73296E+01    0.56815E+02    0.53379E+00    0.20202E-16
    0.73217E+01    0.56836E+02    0.56769E+00    0.20336E-16
    0.72936E+01    0.56866E+02    0.56813E+00    0.20337E-16
    0.72735E+01    0.56875E+02    0.53424E+00    0.20469E-16
    0.72453E+01    0.56904E+02    0.53424E+00    0.20469E-16
    0.72371E+01    0.56925E+02    0.56857E+00    0.20601E-16
    0.77345E+01    0.56352E+02    0.53149E+00    0.18824E-16
    0.77279E+01    0.56373E+02    0.56310E+00    0.18966E-16
    0.76821E+01    0.56415E+02    0.53196E+00    0.19106E-16
    0.77017E+01    0.56404E+02    0.56357E+00    0.18966E-16
    0.47083E+01    0.58832E+02    0.54386E+00    0.26221E-16
    0.46941E+01    0.58849E+02    0.58770E+00    0.26307E-16
    0.46357E+01    0.58870E+02    0.54414E+00    0.26392E-16
    0.46577E+01    0.58868E+02    0.58799E+00    0.26307E-16
    0.45446E+01    0.58917E+02    0.54428E+00    0.26476E-16
    0.45301E+01    0.58934E+02    0.58855E+00    0.26559E-16
    0.44713E+01    0.58954E+02    0.54456E+00    0.26641E-16
    0.44934E+01    0.58952E+02    0.58882E+00    0.26559E-16
    0.99589E+01    0.49007E+02    0.49496E+00    0.30161E-17
    0.99692E+01    0.49026E+02    0.49023E+00    0.28352E-17
    0.80981E+01    0.55881E+02    0.52931E+00    0.17524E-16
    0.81169E+01    0.55869E+02    0.55827E+00    0.17376E-16
    0.81409E+01    0.55836E+02    0.55778E+00    0.17376E-16
    0.81460E+01    0.55814E+02    0.52882E+00    0.17227E-16
    0.81698E+01    0.55781E+02    0.52882E+00    0.17227E-16
    0.81884E+01    0.55769E+02    0.55728E+00    0.17079E-16
    0.71455E+01    0.57008E+02    0.53490E+00    0.20864E-16
    0.71658E+01    0.56999E+02    0.56945E+00    0.20732E-16
    0.72027E+01    0.56949E+02    0.53446E+00    0.20601E-16
    0.71944E+01    0.56969E+02    0.56901E+00    0.20732E-16
    0.98404E+01    0.48175E+02    0.49101E+00    0.53705E-17
    0.98449E+01    0.48153E+02    0.48176E+00    0.55506E-17
    0.98372E+01    0.48113E+02    0.48116E+00    0.55511E-17
    0.98251E+01    0.48094E+02    0.49041E+00    0.57302E-17
    0.98172E+01    0.48054E+02    0.49041E+00    0.57302E-17
    0.98214E+01    0.48032E+02    0.48056E+00    0.59098E-17
    0.62960E+01    0.42220E+02    0.46137E+00    0.23076E-16
    0.62853E+01    0.42201E+02    0.42272E+00    0.23191E-16
    0.62533E+01    0.42175E+02    0.42234E+00    0.23191E-16
    0.62320E+01    0.42169E+02    0.46099E+00    0.23306E-16
    0.82052E+01    0.55731E+02    0.52857E+00    0.17078E-16
    0.82237E+01    0.55719E+02    0.55678E+00    0.16929E-16
    0.99648E+01    0.49068E+02    0.49526E+00    0.28340E-17
    0.99750E+01    0.49088E+02    0.49084E+00    0.26529E-17
    0.99787E+01    0.49129E+02    0.49145E+00    0.26524E-17
    0.99721E+01    0.49150E+02    0.49587E+00    0.24695E-17
    0.99755E+01    0.49191E+02    0.49587E+00    0.24695E-17
    0.99855E+01    0.49211E+02    0.49206E+00    0.22886E-17
    0.61999E+01    0.42143E+02    0.46099E+00    0.23306E-16
    0.61889E+01    0.42124E+02    0.42196E+00    0.23417E-16
    0.61566E+01    0.42099E+02    0.42158E+00    0.23418E-16
    0.61353E+01    0.42093E+02    0.46061E+00    0.23531E-16
    0.61028E+01    0.42068E+02    0.46061E+00    0.23531E-16
    0.60916E+01    0.42049E+02    0.42121E+00    0.23642E-16
    0.82402E+01    0.55680E+02    0.52832E+00    0.16928E-16
    0.82587E+01    0.55668E+02    0.55628E+00    0.16778E-16
    0.98051E+01    0.47993E+02    0.49011E+00    0.59096E-17
    0.98091E+01    0.47972E+02    0.47996E+00    0.60888E-17
    0.98007E+01    0.47931E+02    0.47937E+00    0.60893E-17
    0.97883E+01    0.47913E+02    0.48951E+00    0.62677E-17
    0.97797E+01    0.47873E+02    0.48951E+00    0.62677E-17
    0.97834E+01    0.47851E+02    0.47877E+00    0.64465E-17
    0.83209E+01    0.55561E+02    0.52756E+00    0.16475E-16
    0.83164E+01    0.55583E+02    0.55527E+00    0.16627E-16
    0.82750E+01    0.55629E+02    0.52807E+00    0.16778E-16
    0.82934E+01    0.55617E+02    0.55578E+00    0.16627E-16
    0.99803E+01    0.49252E+02    0.49618E+00    0.22872E-17
    0.99901E+01    0.49272E+02    0.49267E+00    0.21061E-17
    0.99930E+01    0.49313E+02    0.49328E+00    0.21057E-17
    0.99861E+01    0.49334E+02    0.49679E+00    0.19222E-17
    0.99887E+01    0.49375E+02    0.49679E+00    0.19222E-17
    0.99983E+01    0.49395E+02    0.49389E+00    0.17414E-17
    0.60540E+01    0.42030E+02    0.46042E+00    0.23642E-16
    0.60426E+01    0.42011E+02    0.42084E+00    0.23753E-16
    0.60098E+01    0.41987E+02    0.42047E+00    0.23753E-16
    0.59884E+01    0.41981E+02    0.46006E+00    0.23862E-16
    0.97664E+01    0.47813E+02    0.48921E+00    0.64463E-17
    0.97700E+01    0.47791E+02    0.47817E+00    0.66251E-17
    0.97609E+01    0.47751E+02    0.47758E+00    0.66255E-17
    0.97481E+01    0.47733E+02    0.48862E+00    0.68032E-17
    0.97388E+01    0.47693E+02    0.48862E+00    0.68032E-17
    0.97421E+01    0.47671E+02    0.47698E+00    0.69811E-17
    0.59555E+01    0.41957E+02    0.46005E+00    0.23862E-16
    0.59440E+01    0.41938E+02    0.42010E+00    0.23971E-16
    0.59108E+01    0.41913E+02    0.41974E+00    0.23972E-16
    0.58893E+01    0.41908E+02    0.45969E+00    0.24079E-16
    0.58562E+01    0.41884E+02    0.45969E+00    0.24079E-16
    0.58444E+01    0.41865E+02    0.41938E+00    0.24185E-16
    0.99924E+01    0.49436E+02    0.49709E+00    0.17396E-17
    0.10002E+02    0.49456E+02    0.49450E+00    0.15589E-17
    0.10004E+02    0.49497E+02    0.49511E+00    0.15584E-17
    0.99967E+01    0.49518E+02    0.49770E+00    0.13742E-17
    0.99986E+01    0.49559E+02    0.49770E+00    0.13741E-17
    0.10008E+02    0.49579E+02    0.49572E+00    0.11939E-17
    0.58062E+01    0.41848E+02    0.45951E+00    0.24185E-16
    0.57943E+01    0.41829E+02    0.41903E+00    0.24292E-16
    0.97244E+01    0.47633E+02    0.48832E+00    0.69810E-17
    0.97276E+01    0.47611E+02    0.47639E+00    0.71588E-17
    0.97178E+01    0.47571E+02    0.47579E+00    0.71593E-17
    0.97047E+01    0.47554E+02    0.48772E+00    0.73359E-17
    0.10001E+02    0.49621E+02    0.49801E+00    0.11913E-17
    0.10010E+02    0.49641E+02    0.49633E+00    0.10114E-17
    0.10012E+02    0.49682E+02    0.49694E+00    0.10110E-17
    0.10004E+02    0.49703E+02    0.49862E+00    0.82555E-18
    0.10005E+02    0.49744E+02    0.49862E+00    0.82555E-18
    0.10014E+02    0.49764E+02    0.49755E+00    0.64711E-18
    0.96946E+01    0.47514E+02    0.48772E+00    0.73359E-17
    0.96975E+01    0.47492E+02    0.47520E+00    0.75129E-17
    0.96872E+01    0.47452E+02    0.47461E+00    0.75134E-17
    0.96739E+01    0.47434E+02    0.48713E+00    0.76898E-17
    0.57559E+01    0.41812E+02    0.45934E+00    0.24292E-16
    0.57439E+01    0.41794E+02    0.41867E+00    0.24397E-16
    0.57102E+01    0.41770E+02    0.41832E+00    0.24397E-16
    0.56886E+01    0.41766E+02    0.45898E+00    0.24502E-16
    0.96633E+01    0.47395E+02    0.48713E+00    0.76898E-17
    0.96660E+01    0.47373E+02    0.47402E+00    0.78665E-17
    0.96551E+01    0.47333E+02    0.47343E+00    0.78669E-17
    0.96416E+01    0.47316E+02    0.48654E+00    0.80421E-17
    0.96305E+01    0.47276E+02    0.48654E+00    0.80421E-17
    0.96329E+01    0.47254E+02    0.47284E+00    0.82184E-17
    0.56548E+01    0.41742E+02    0.45898E+00    0.24502E-16
    0.56426E+01    0.41724E+02    0.41798E+00    0.24606E-16
    0.56086E+01    0.41701E+02    0.41763E+00    0.24606E-16
    0.55869E+01    0.41696E+02    0.45864E+00    0.24707E-16
    0.10006E+02    0.49805E+02    0.49893E+00    0.64260E-18
    0.10015E+02    0.49826E+02    0.49816E+00    0.46574E-18
    0.10016E+02    0.49867E+02    0.49877E+00    0.46528E-18
    0.10008E+02    0.49887E+02    0.49954E+00    0.27665E-18
    0.55529E+01    0.41673E+02    0.45864E+00    0.24707E-16
    0.55404E+01    0.41655E+02    0.41729E+00    0.24809E-16
    0.55061E+01    0.41632E+02    0.41695E+00    0.24809E-16
    0.54844E+01    0.41628E+02    0.45830E+00    0.24910E-16
    0.10008E+02    0.49928E+02    0.49954E+00    0.27665E-18
    0.10016E+02    0.49949E+02    0.49938E+00    0.11964E-18
    0.10017E+02    0.49990E+02    0.50000E+00    0.11925E-18
    0.10008E+02    0.50010E+02    0.50015E+00    0.89653E-19
    0.10008E+02    0.50051E+02    0.50015E+00    0.89653E-19
    0.10016E+02    0.50072E+02    0.50061E+00    0.28255E-18
    0.96136E+01    0.47217E+02    0.48625E+00    0.82183E-17
    0.96159E+01    0.47195E+02    0.47226E+00    0.83940E-17
    0.96043E+01    0.47156E+02    0.47167E+00    0.83945E-17
    0.95904E+01    0.47138E+02    0.48566E+00    0.85693E-17
    0.95786E+01    0.47099E+02    0.48566E+00    0.85693E-17
    0.95806E+01    0.47077E+02    0.47109E+00    0.87442E-17
    0.54501E+01    0.41606E+02    0.45830E+00    0.24910E-16
    0.54374E+01    0.41588E+02    0.41662E+00    0.25009E-16
    0.54028E+01    0.41565E+02    0.41629E+00    0.25009E-16
    0.53810E+01    0.41561E+02    0.45797E+00    0.25108E-16
    0.53464E+01    0.41539E+02    0.45797E+00    0.25108E-16
    0.53335E+01    0.41521E+02    0.41596E+00    0.25205E-16
    0.52943E+01    0.41507E+02    0.45781E+00    0.25205E-16
    0.52813E+01    0.41489E+02    0.41563E+00    0.25303E-16
    0.10008E+02    0.50113E+02    0.50046E+00    0.27281E-18
    0.10016E+02    0.50133E+02    0.50122E+00    0.46135E-18
    0.10015E+02    0.50174E+02    0.50183E+00    0.46182E-18
    0.10006E+02    0.50195E+02    0.50107E+00    0.63870E-18
    0.10006E+02    0.50236E+02    0.50107E+00    0.63870E-18
    0.10013E+02    0.50257E+02    0.50244E+00    0.82486E-18
    0.95606E+01    0.47040E+02    0.48537E+00    0.87442E-17
    0.95625E+01    0.47018E+02    0.47050E+00    0.89189E-17
    0.95502E+01    0.46979E+02    0.46992E+00    0.89194E-17
    0.95360E+01    0.46962E+02    0.48478E+00    0.90930E-17
    0.95235E+01    0.46923E+02    0.48478E+00    0.90930E-17
    0.95251E+01    0.46901E+02    0.46934E+00    0.92671E-17
    0.52420E+01    0.41474E+02    0.45764E+00    0.25303E-16
    0.52289E+01    0.41456E+02    0.41531E+00    0.25398E-16
    0.51938E+01    0.41435E+02    0.41499E+00    0.25398E-16
    0.51719E+01    0.41432E+02    0.45732E+00    0.25493E-16
    0.51368E+01    0.41411E+02    0.45732E+00    0.25493E-16
    0.51234E+01    0.41393E+02    0.41468E+00    0.25587E-16
    0.10004E+02    0.50297E+02    0.50138E+00    0.82173E-18
    0.10012E+02    0.50318E+02    0.50305E+00    0.10072E-17
    0.10010E+02    0.50359E+02    0.50366E+00    0.10077E-17
    0.10001E+02    0.50379E+02    0.50199E+00    0.11876E-17
    0.95044E+01    0.46864E+02    0.48449E+00    0.92671E-17
    0.95059E+01    0.46842E+02    0.46876E+00    0.94405E-17
    0.94928E+01    0.46803E+02    0.46818E+00    0.94409E-17
    0.94784E+01    0.46787E+02    0.48391E+00    0.96137E-17
    0.94651E+01    0.46748E+02    0.48391E+00    0.96137E-17
    0.94663E+01    0.46726E+02    0.46760E+00    0.97864E-17
    0.50839E+01    0.41379E+02    0.45717E+00    0.25588E-16
    0.50704E+01    0.41362E+02    0.41437E+00    0.25680E-16
    0.99995E+01    0.50420E+02    0.50199E+00    0.11876E-17
    0.10007E+02    0.50441E+02    0.50427E+00    0.13722E-17
    0.10005E+02    0.50482E+02    0.50488E+00    0.13726E-17
    0.99957E+01    0.50502E+02    0.50260E+00    0.15531E-17
    0.99935E+01    0.50543E+02    0.50260E+00    0.15531E-17
    0.10001E+02    0.50564E+02    0.50550E+00    0.17373E-17
    0.99900E+01    0.50605E+02    0.50291E+00    0.17359E-17
    0.99971E+01    0.50626E+02    0.50611E+00    0.19198E-17
    0.94450E+01    0.46690E+02    0.48362E+00    0.97864E-17
    0.94460E+01    0.46668E+02    0.46702E+00    0.99588E-17
    0.94323E+01    0.46629E+02    0.46645E+00    0.99592E-17
    0.94175E+01    0.46612E+02    0.48305E+00    0.10131E-16
    0.94036E+01    0.46574E+02    0.48304E+00    0.10131E-16
    0.94043E+01    0.46552E+02    0.46587E+00    0.10303E-16
    0.50308E+01    0.41348E+02    0.45701E+00    0.25680E-16
    0.50172E+01    0.41330E+02    0.41406E+00    0.25772E-16
    0.49816E+01    0.41310E+02    0.41375E+00    0.25773E-16
    0.49597E+01    0.41307E+02    0.45671E+00    0.25863E-16
    0.49240E+01    0.41287E+02    0.45671E+00    0.25863E-16
    0.49102E+01    0.41269E+02    0.41345E+00    0.25952E-16
    0.48744E+01    0.41249E+02    0.41315E+00    0.25952E-16
    0.48524E+01    0.41247E+02    0.45641E+00    0.26041E-16
    0.46901E+01    0.41159E+02    0.45597E+00    0.26302E-16
    0.47122E+01    0.41161E+02    0.41228E+00    0.26216E-16
    0.99861E+01    0.50666E+02    0.50321E+00    0.19186E-17
    0.99930E+01    0.50687E+02    0.50672E+00    0.21021E-17
    0.99901E+01    0.50728E+02    0.50732E+00    0.21026E-17
    0.99803E+01    0.50748E+02    0.50382E+00    0.22836E-17
    0.93823E+01    0.46516E+02    0.48276E+00    0.10303E-16
    0.93830E+01    0.46494E+02    0.46530E+00    0.10474E-16
    0.93685E+01    0.46455E+02    0.46473E+00    0.10475E-16
    0.93534E+01    0.46439E+02    0.48219E+00    0.10645E-16
    0.93388E+01    0.46401E+02    0.48218E+00    0.10645E-16
    0.93391E+01    0.46379E+02    0.46416E+00    0.10815E-16
    0.48165E+01    0.41227E+02    0.45641E+00    0.26041E-16
    0.48025E+01    0.41210E+02    0.41286E+00    0.26130E-16
    0.47444E+01    0.41188E+02    0.45611E+00    0.26216E-16
    0.47664E+01    0.41190E+02    0.41257E+00    0.26130E-16
    0.99772E+01    0.50789E+02    0.50382E+00    0.22836E-17
    0.99838E+01    0.50810E+02    0.50793E+00    0.24668E-17
    0.99804E+01    0.50851E+02    0.50854E+00    0.24672E-17
    0.99704E+01    0.50871E+02    0.50443E+00    0.26480E-17
    0.99667E+01    0.50911E+02    0.50443E+00    0.26480E-17
    0.99731E+01    0.50933E+02    0.50915E+00    0.28310E-17
    0.99692E+01    0.50974E+02    0.50976E+00    0.28314E-17
    0.99589E+01    0.50993E+02    0.50504E+00    0.30122E-17
    0.99547E+01    0.51034E+02    0.50504E+00    0.30122E-17
    0.99609E+01    0.51055E+02    0.51037E+00    0.31946E-17
    0.93165E+01    0.46344E+02    0.48190E+00    0.10815E-16
    0.93167E+01    0.46321E+02    0.46359E+00    0.10985E-16
    0.93015E+01    0.46283E+02    0.46302E+00    0.10985E-16
    0.92862E+01    0.46267E+02    0.48133E+00    0.11154E-16
    0.99482E+01    0.51095E+02    0.50535E+00    0.31940E-17
    0.99542E+01    0.51116E+02    0.51097E+00    0.33764E-17
    0.92708E+01    0.46229E+02    0.48133E+00    0.11154E-16
    0.92708E+01    0.46207E+02    0.46246E+00    0.11324E-16
    0.92551E+01    0.46169E+02    0.46189E+00    0.11324E-16
    0.92396E+01    0.46153E+02    0.48077E+00    0.11492E-16
    0.92237E+01    0.46116E+02    0.48077E+00    0.11492E-16
    0.92234E+01    0.46093E+02    0.46133E+00    0.11660E-16
    0.92073E+01    0.46056E+02    0.46077E+00    0.11661E-16
    0.91916E+01    0.46040E+02    0.48020E+00    0.11828E-16
    0.99413E+01    0.51156E+02    0.50565E+00    0.33758E-17
    0.99472E+01    0.51178E+02    0.51158E+00    0.35581E-17
    0.99423E+01    0.51218E+02    0.51219E+00    0.35585E-17
    0.99315E+01    0.51238E+02    0.50626E+00    0.37392E-17
    0.99263E+01    0.51278E+02    0.50626E+00    0.37392E-17
    0.99319E+01    0.51300E+02    0.51279E+00    0.39211E-17
    0.91753E+01    0.46002E+02    0.48020E+00    0.11828E-16
    0.91747E+01    0.45980E+02    0.46021E+00    0.11996E-16
    0.91581E+01    0.45943E+02    0.45965E+00    0.11997E-16
    0.91422E+01    0.45927E+02    0.47964E+00    0.12163E-16
    0.91254E+01    0.45890E+02    0.47964E+00    0.12163E-16
    0.91246E+01    0.45868E+02    0.45909E+00    0.12330E-16
    0.99183E+01    0.51339E+02    0.50656E+00    0.39206E-17
    0.99238E+01    0.51361E+02    0.51340E+00    0.41024E-17
    0.91000E+01    0.45834E+02    0.47936E+00    0.12330E-16
    0.90990E+01    0.45812E+02    0.45854E+00    0.12496E-16
    0.90817E+01    0.45775E+02    0.45798E+00    0.12496E-16
    0.90655E+01    0.45759E+02    0.47881E+00    0.12661E-16
    0.99098E+01    0.51400E+02    0.50687E+00    0.41020E-17
    0.99152E+01    0.51422E+02    0.51401E+00    0.42835E-17
    0.99093E+01    0.51462E+02    0.51461E+00    0.42840E-17
    0.98980E+01    0.51482E+02    0.50747E+00    0.44642E-17
    0.90481E+01    0.45722E+02    0.47881E+00    0.12661E-16
    0.90468E+01    0.45700E+02    0.45743E+00    0.12826E-16
    0.90291E+01    0.45663E+02    0.45688E+00    0.12827E-16
    0.90127E+01    0.45648E+02    0.47826E+00    0.12991E-16
    0.89948E+01    0.45611E+02    0.47826E+00    0.12991E-16
    0.89933E+01    0.45589E+02    0.45633E+00    0.13155E-16
    0.98919E+01    0.51522E+02    0.50747E+00    0.44642E-17
    0.98970E+01    0.51544E+02    0.51521E+00    0.46455E-17
    0.98906E+01    0.51584E+02    0.51582E+00    0.46459E-17
    0.98791E+01    0.51603E+02    0.50808E+00    0.48258E-17
    0.89677E+01    0.45556E+02    0.47798E+00    0.13155E-16
    0.89660E+01    0.45534E+02    0.45578E+00    0.13318E-16
    0.98724E+01    0.51644E+02    0.50808E+00    0.48258E-17
    0.98772E+01    0.51665E+02    0.51642E+00    0.50067E-17
    0.98703E+01    0.51706E+02    0.51702E+00    0.50072E-17
    0.98586E+01    0.51724E+02    0.50868E+00    0.51869E-17
    0.98515E+01    0.51765E+02    0.50868E+00    0.51869E-17
    0.98560E+01    0.51787E+02    0.51763E+00    0.53673E-17
    0.98486E+01    0.51827E+02    0.51823E+00    0.53677E-17
    0.98367E+01    0.51846E+02    0.50928E+00    0.55471E-17
    0.89402E+01    0.45501E+02    0.47771E+00    0.13318E-16
    0.89384E+01    0.45479E+02    0.45524E+00    0.13481E-16
    0.89197E+01    0.45442E+02    0.45470E+00    0.13481E-16
    0.89030E+01    0.45428E+02    0.47716E+00    0.13643E-16
    0.98290E+01    0.51886E+02    0.50928E+00    0.55471E-17
    0.98333E+01    0.51908E+02    0.51883E+00    0.57272E-17
    0.98254E+01    0.51948E+02    0.51943E+00    0.57277E-17
    0.98132E+01    0.51966E+02    0.50988E+00    0.59064E-17
    0.88842E+01    0.45392E+02    0.47716E+00    0.13643E-16
    0.88821E+01    0.45370E+02    0.45415E+00    0.13806E-16
    0.88630E+01    0.45333E+02    0.45361E+00    0.13806E-16
    0.88461E+01    0.45319E+02    0.47662E+00    0.13967E-16
    0.98051E+01    0.52007E+02    0.50989E+00    0.59064E-17
    0.98091E+01    0.52028E+02    0.52003E+00    0.60856E-17
    0.98007E+01    0.52069E+02    0.52063E+00    0.60861E-17
    0.97883E+01    0.52087E+02    0.51048E+00    0.62645E-17
    0.97797E+01    0.52127E+02    0.51048E+00    0.62645E-17
    0.97834E+01    0.52149E+02    0.52122E+00    0.64435E-17
    0.88268E+01    0.45283E+02    0.47662E+00    0.13967E-16
    0.88245E+01    0.45261E+02    0.45307E+00    0.14129E-16
    0.88050E+01    0.45225E+02    0.45254E+00    0.14129E-16
    0.87879E+01    0.45210E+02    0.47608E+00    0.14289E-16
    0.97664E+01    0.52187E+02    0.51078E+00    0.64433E-17
    0.97700E+01    0.52209E+02    0.52182E+00    0.66221E-17
    0.87682E+01    0.45175E+02    0.47608E+00    0.14289E-16
    0.87656E+01    0.45153E+02    0.45200E+00    0.14448E-16
    0.87456E+01    0.45117E+02    0.45147E+00    0.14449E-16
    0.87283E+01    0.45103E+02    0.47555E+00    0.14607E-16
    0.87082E+01    0.45067E+02    0.47555E+00    0.14607E-16
    0.87053E+01    0.45045E+02    0.45094E+00    0.14766E-16
    0.86777E+01    0.45014E+02    0.47528E+00    0.14766E-16
    0.86747E+01    0.44992E+02    0.45041E+00    0.14924E-16
    0.97528E+01    0.52247E+02    0.51108E+00    0.66220E-17
    0.97563E+01    0.52269E+02    0.52242E+00    0.68005E-17
    0.97469E+01    0.52309E+02    0.52301E+00    0.68009E-17
    0.97340E+01    0.52327E+02    0.51168E+00    0.69781E-17
    0.97244E+01    0.52367E+02    0.51168E+00    0.69781E-17
    0.97276E+01    0.52389E+02    0.52360E+00    0.71561E-17
    0.97178E+01    0.52429E+02    0.52420E+00    0.71565E-17
    0.97047E+01    0.52446E+02    0.51227E+00    0.73331E-17
    0.96946E+01    0.52486E+02    0.51227E+00    0.73331E-17
    0.96975E+01    0.52508E+02    0.52479E+00    0.75102E-17
    0.86469E+01    0.44960E+02    0.47502E+00    0.14925E-16
    0.86437E+01    0.44938E+02    0.44988E+00    0.15082E-16
    0.86229E+01    0.44903E+02    0.44936E+00    0.15082E-16
    0.86052E+01    0.44890E+02    0.47449E+00    0.15239E-16
    0.85842E+01    0.44854E+02    0.47449E+00    0.15239E-16
    0.85808E+01    0.44833E+02    0.44883E+00    0.15396E-16
    0.96791E+01    0.52546E+02    0.51257E+00    0.75101E-17
    0.96819E+01    0.52568E+02    0.52538E+00    0.76872E-17
    0.85524E+01    0.44802E+02    0.47423E+00    0.15396E-16
    0.85489E+01    0.44780E+02    0.44831E+00    0.15552E-16
    0.96633E+01    0.52605E+02    0.51286E+00    0.76871E-17
    0.96660E+01    0.52627E+02    0.52597E+00    0.78638E-17
    0.96551E+01    0.52667E+02    0.52656E+00    0.78643E-17
    0.96416E+01    0.52684E+02    0.51345E+00    0.80396E-17
    0.96305E+01    0.52724E+02    0.51345E+00    0.80396E-17
    0.96329E+01    0.52746E+02    0.52715E+00    0.82159E-17
    0.85203E+01    0.44749E+02    0.47397E+00    0.15552E-16
    0.85166E+01    0.44727E+02    0.44779E+00    0.15707E-16
    0.84949E+01    0.44693E+02    0.44727E+00    0.15707E-16
    0.84770E+01    0.44680E+02    0.47345E+00    0.15862E-16
    0.84551E+01    0.44645E+02    0.47345E+00    0.15862E-16
    0.84512E+01    0.44623E+02    0.44676E+00    0.16016E-16
    0.96136E+01    0.52783E+02    0.51375E+00    0.82158E-17
    0.96159E+01    0.52805E+02    0.52773E+00    0.83917E-17
    0.96043E+01    0.52844E+02    0.52832E+00    0.83921E-17
    0.95904E+01    0.52862E+02    0.51434E+00    0.85670E-17
    0.84220E+01    0.44593E+02    0.47319E+00    0.16016E-16
    0.84179E+01    0.44571E+02    0.44624E+00    0.16170E-16
    0.83956E+01    0.44537E+02    0.44573E+00    0.16170E-16
    0.83774E+01    0.44524E+02    0.47268E+00    0.16322E-16
    0.83549E+01    0.44490E+02    0.47268E+00    0.16322E-16
    0.83506E+01    0.44468E+02    0.44522E+00    0.16475E-16
    0.95786E+01    0.52901E+02    0.51434E+00    0.85670E-17
    0.95806E+01    0.52923E+02    0.52891E+00    0.87419E-17
    0.95686E+01    0.52962E+02    0.52949E+00    0.87423E-17
    0.95545E+01    0.52979E+02    0.51492E+00    0.89165E-17
    0.95423E+01    0.53018E+02    0.51492E+00    0.89165E-17
    0.95440E+01    0.53041E+02    0.53007E+00    0.90908E-17
    0.95314E+01    0.53080E+02    0.53065E+00    0.90912E-17
    0.95172E+01    0.53097E+02    0.51550E+00    0.92648E-17
    0.95044E+01    0.53136E+02    0.51550E+00    0.92648E-17
    0.95059E+01    0.53158E+02    0.53123E+00    0.94383E-17
    0.83209E+01    0.44439E+02    0.47242E+00    0.16475E-16
    0.83164E+01    0.44417E+02    0.44471E+00    0.16627E-16
    0.82934E+01    0.44383E+02    0.44421E+00    0.16627E-16
    0.82750E+01    0.44371E+02    0.47192E+00    0.16777E-16
    0.82519E+01    0.44337E+02    0.47192E+00    0.16777E-16
    0.82471E+01    0.44315E+02    0.44370E+00    0.16928E-16
    0.82237E+01    0.44281E+02    0.44320E+00    0.16928E-16
    0.82052E+01    0.44269E+02    0.47141E+00    0.17078E-16
    0.81816E+01    0.44236E+02    0.47141E+00    0.17078E-16
    0.81766E+01    0.44214E+02    0.44270E+00    0.17227E-16
    0.94850E+01    0.53194E+02    0.51579E+00    0.94383E-17
    0.94863E+01    0.53216E+02    0.53181E+00    0.96116E-17
    0.94730E+01    0.53255E+02    0.53239E+00    0.96120E-17
    0.94584E+01    0.53272E+02    0.51637E+00    0.97844E-17
    0.94450E+01    0.53310E+02    0.51637E+00    0.97844E-17
    0.94460E+01    0.53332E+02    0.53297E+00    0.99568E-17
    0.94323E+01    0.53371E+02    0.53354E+00    0.99572E-17
    0.94175E+01    0.53388E+02    0.51695E+00    0.10129E-16
    0.81460E+01    0.44186E+02    0.47116E+00    0.17227E-16
    0.81409E+01    0.44164E+02    0.44221E+00    0.17375E-16
    0.81169E+01    0.44131E+02    0.44171E+00    0.17376E-16
    0.80981E+01    0.44119E+02    0.47067E+00    0.17523E-16
    0.80739E+01    0.44086E+02    0.47067E+00    0.17523E-16
    0.80685E+01    0.44064E+02    0.44122E+00    0.17669E-16
    0.94036E+01    0.53426E+02    0.51695E+00    0.10129E-16
    0.94043E+01    0.53448E+02    0.53412E+00    0.10301E-16
    0.93901E+01    0.53487E+02    0.53469E+00    0.10301E-16
    0.93751E+01    0.53503E+02    0.51752E+00    0.10472E-16
    0.93607E+01    0.53542E+02    0.51752E+00    0.10472E-16
    0.93612E+01    0.53564E+02    0.53526E+00    0.10643E-16
    0.93465E+01    0.53602E+02    0.53583E+00    0.10643E-16
    0.93314E+01    0.53618E+02    0.51809E+00    0.10813E-16
    0.80374E+01    0.44036E+02    0.47042E+00    0.17669E-16
    0.80319E+01    0.44015E+02    0.44073E+00    0.17817E-16
    0.80072E+01    0.43982E+02    0.44024E+00    0.17817E-16
    0.79882E+01    0.43971E+02    0.46993E+00    0.17962E-16
    0.79635E+01    0.43938E+02    0.46993E+00    0.17962E-16
    0.79577E+01    0.43917E+02    0.43975E+00    0.18107E-16
    0.93165E+01    0.53656E+02    0.51809E+00    0.10813E-16
    0.93167E+01    0.53679E+02    0.53640E+00    0.10983E-16
    0.93015E+01    0.53717E+02    0.53697E+00    0.10983E-16
    0.92862E+01    0.53733E+02    0.51866E+00    0.11153E-16
    0.92708E+01    0.53771E+02    0.51866E+00    0.11153E-16
    0.92708E+01    0.53793E+02    0.53753E+00    0.11322E-16
    0.92474E+01    0.53828E+02    0.51894E+00    0.11322E-16
    0.92473E+01    0.53850E+02    0.53810E+00    0.11491E-16
    0.79261E+01    0.43889E+02    0.46969E+00    0.18107E-16
    0.79201E+01    0.43868E+02    0.43927E+00    0.18252E-16
    0.78949E+01    0.43835E+02    0.43879E+00    0.18252E-16
    0.78757E+01    0.43824E+02    0.46921E+00    0.18396E-16
    0.78503E+01    0.43792E+02    0.46921E+00    0.18396E-16
    0.78441E+01    0.43771E+02    0.43831E+00    0.18539E-16
    0.92237E+01    0.53884E+02    0.51923E+00    0.11491E-16
    0.92234E+01    0.53907E+02    0.53866E+00    0.11659E-16
    0.92073E+01    0.53944E+02    0.53922E+00    0.11659E-16
    0.91916E+01    0.53960E+02    0.51979E+00    0.11827E-16
    0.78120E+01    0.43744E+02    0.46897E+00    0.18539E-16
    0.78057E+01    0.43723E+02    0.43783E+00    0.18682E-16
    0.77798E+01    0.43691E+02    0.43736E+00    0.18682E-16
    0.77604E+01    0.43680E+02    0.46849E+00    0.18823E-16
    0.91753E+01    0.53998E+02    0.51979E+00    0.11827E-16
    0.91747E+01    0.54020E+02    0.53978E+00    0.11995E-16
    0.91581E+01    0.54057E+02    0.54034E+00    0.11995E-16
    0.91422E+01    0.54073E+02    0.52035E+00    0.12162E-16
    0.91254E+01    0.54110E+02    0.52035E+00    0.12162E-16
    0.91246E+01    0.54132E+02    0.54089E+00    0.12328E-16
    0.77345E+01    0.43648E+02    0.46849E+00    0.18823E-16
    0.77279E+01    0.43627E+02    0.43688E+00    0.18964E-16
    0.77017E+01    0.43596E+02    0.43642E+00    0.18964E-16
    0.76821E+01    0.43585E+02    0.46802E+00    0.19104E-16
    0.76558E+01    0.43554E+02    0.46802E+00    0.19104E-16
    0.76489E+01    0.43533E+02    0.43595E+00    0.19244E-16
    0.91000E+01    0.54166E+02    0.52063E+00    0.12328E-16
    0.90990E+01    0.54188E+02    0.54145E+00    0.12494E-16
    0.90817E+01    0.54225E+02    0.54200E+00    0.12495E-16
    0.90655E+01    0.54241E+02    0.52118E+00    0.12659E-16
    0.76160E+01    0.43507E+02    0.46779E+00    0.19244E-16
    0.76090E+01    0.43486E+02    0.43548E+00    0.19382E-16
    0.75823E+01    0.43455E+02    0.43502E+00    0.19383E-16
    0.75625E+01    0.43445E+02    0.46732E+00    0.19521E-16
    0.90481E+01    0.54278E+02    0.52118E+00    0.12659E-16
    0.90468E+01    0.54300E+02    0.54256E+00    0.12825E-16
    0.90291E+01    0.54337E+02    0.54311E+00    0.12826E-16
    0.90127E+01    0.54352E+02    0.52173E+00    0.12990E-16
    0.75356E+01    0.43414E+02    0.46732E+00    0.19521E-16
    0.75284E+01    0.43393E+02    0.43456E+00    0.19658E-16
    0.75012E+01    0.43362E+02    0.43410E+00    0.19658E-16
    0.74814E+01    0.43352E+02    0.46687E+00    0.19795E-16
    0.89948E+01    0.54389E+02    0.52173E+00    0.12990E-16
    0.89933E+01    0.54411E+02    0.54366E+00    0.13154E-16
    0.89751E+01    0.54448E+02    0.54420E+00    0.13154E-16
    0.89585E+01    0.54462E+02    0.52228E+00    0.13317E-16
    0.74541E+01    0.43321E+02    0.46686E+00    0.19795E-16
    0.74466E+01    0.43301E+02    0.43365E+00    0.19931E-16
    0.74190E+01    0.43270E+02    0.43319E+00    0.19931E-16
    0.73990E+01    0.43261E+02    0.46641E+00    0.20065E-16
    0.89402E+01    0.54499E+02    0.52228E+00    0.13317E-16
    0.89384E+01    0.54521E+02    0.54475E+00    0.13480E-16
    0.89197E+01    0.54558E+02    0.54529E+00    0.13481E-16
    0.89030E+01    0.54572E+02    0.52283E+00    0.13643E-16
    0.73714E+01    0.43230E+02    0.46641E+00    0.20065E-16
    0.73636E+01    0.43210E+02    0.43274E+00    0.20200E-16
    0.73357E+01    0.43179E+02    0.43230E+00    0.20201E-16
    0.73156E+01    0.43170E+02    0.46596E+00    0.20335E-16
    0.72876E+01    0.43140E+02    0.46596E+00    0.20335E-16
    0.72796E+01    0.43120E+02    0.43185E+00    0.20467E-16
    0.88842E+01    0.54608E+02    0.52283E+00    0.13643E-16
    0.88821E+01    0.54630E+02    0.54583E+00    0.13805E-16
    0.88630E+01    0.54667E+02    0.54637E+00    0.13806E-16
    0.88461E+01    0.54681E+02    0.52337E+00    0.13967E-16
    0.88268E+01    0.54717E+02    0.52337E+00    0.13967E-16
    0.88245E+01    0.54739E+02    0.54691E+00    0.14128E-16
    0.88050E+01    0.54775E+02    0.54745E+00    0.14128E-16
    0.87879E+01    0.54790E+02    0.52390E+00    0.14288E-16
    0.72453E+01    0.43096E+02    0.46574E+00    0.20467E-16
    0.72371E+01    0.43075E+02    0.43141E+00    0.20599E-16
    0.72087E+01    0.43045E+02    0.43097E+00    0.20599E-16
    0.71884E+01    0.43036E+02    0.46530E+00    0.20730E-16
    0.71598E+01    0.43007E+02    0.46530E+00    0.20730E-16
    0.71514E+01    0.42986E+02    0.43053E+00    0.20862E-16
    0.87682E+01    0.54825E+02    0.52390E+00    0.14288E-16
    0.87656E+01    0.54847E+02    0.54799E+00    0.14448E-16
    0.87456E+01    0.54883E+02    0.54852E+00    0.14448E-16
    0.87283E+01    0.54897E+02    0.52444E+00    0.14607E-16
    0.71167E+01    0.42963E+02    0.46508E+00    0.20862E-16
    0.71082E+01    0.42943E+02    0.43009E+00    0.20992E-16
    0.87082E+01    0.54933E+02    0.52444E+00    0.14607E-16
    0.87053E+01    0.54955E+02    0.54905E+00    0.14766E-16
    0.86849E+01    0.54991E+02    0.54958E+00    0.14767E-16
    0.86674E+01    0.55004E+02    0.52497E+00    0.14925E-16
    0.86469E+01    0.55040E+02    0.52497E+00    0.14925E-16
    0.86437E+01    0.55062E+02    0.55011E+00    0.15082E-16
    0.86229E+01    0.55097E+02    0.55063E+00    0.15082E-16
    0.86052E+01    0.55110E+02    0.52549E+00    0.15240E-16
    0.85842E+01    0.55146E+02    0.52550E+00    0.15240E-16
    0.85808E+01    0.55167E+02    0.55116E+00    0.15396E-16
    0.70733E+01    0.42919E+02    0.46486E+00    0.20992E-16
    0.70647E+01    0.42899E+02    0.42966E+00    0.21121E-16
    0.70355E+01    0.42870E+02    0.42923E+00    0.21121E-16
    0.70150E+01    0.42862E+02    0.46443E+00    0.21249E-16
    0.69857E+01    0.42833E+02    0.46443E+00    0.21249E-16
    0.69768E+01    0.42813E+02    0.42880E+00    0.21377E-16
    0.69415E+01    0.42790E+02    0.46422E+00    0.21377E-16
    0.69325E+01    0.42770E+02    0.42838E+00    0.21503E-16
    0.85524E+01    0.55198E+02    0.52576E+00    0.15396E-16
    0.85489E+01    0.55220E+02    0.55168E+00    0.15552E-16
    0.85274E+01    0.55255E+02    0.55220E+00    0.15552E-16
    0.85095E+01    0.55268E+02    0.52628E+00    0.15707E-16
    0.84879E+01    0.55303E+02    0.52628E+00    0.15707E-16
    0.84841E+01    0.55325E+02    0.55271E+00    0.15862E-16
    0.84621E+01    0.55360E+02    0.55323E+00    0.15862E-16
    0.84441E+01    0.55372E+02    0.52679E+00    0.16016E-16
    0.83436E+01    0.55527E+02    0.52756E+00    0.16475E-16
    0.83619E+01    0.55515E+02    0.55476E+00    0.16323E-16
    0.68971E+01    0.42748E+02    0.46400E+00    0.21503E-16
    0.68879E+01    0.42728E+02    0.42795E+00    0.21629E-16
    0.68580E+01    0.42699E+02    0.42754E+00    0.21630E-16
    0.68374E+01    0.42691E+02    0.46358E+00    0.21755E-16
    0.68074E+01    0.42663E+02    0.46358E+00    0.21755E-16
    0.67980E+01    0.42643E+02    0.42712E+00    0.21879E-16
    0.84220E+01    0.55407E+02    0.52679E+00    0.16016E-16
    0.84179E+01    0.55429E+02    0.55374E+00    0.16170E-16
    0.83774E+01    0.55476E+02    0.52731E+00    0.16322E-16
    0.83956E+01    0.55463E+02    0.55425E+00    0.16170E-16
    0.67014E+01    0.42566E+02    0.46296E+00    0.22125E-16
    0.67222E+01    0.42574E+02    0.42629E+00    0.22002E-16
    0.67621E+01    0.42622E+02    0.46338E+00    0.21879E-16
    0.67526E+01    0.42602E+02    0.42671E+00    0.22002E-16
