Elemento 1
1,1    1.57079505920410
2,2    1.57079505920410
3,3    3.14

Element 2
1,1 5.23598353068034
2,2 2.61799176534017
3,3 2.61799176534017

elemento 3
1,1    3.14
2,2    1.57079505920410
3,3    1.57079505920410

elemento 4
1,1  0.523598353068034
2,2  1.04719670613607
3,3  0.523598353068034



Vector_indep
RHS(1) = 2.09439341227214
RHS(2) = 0.0
RHS(3) = 0.0
RHS(4) = 2.09439341227214
RHS(5) = 4.18878682454427


MAtriz total
MR            1           1   2.09439341227214     
 MR            1           2  0.000000000000000E+000
 MR            1           3  0.000000000000000E+000
 MR            1           4  0.000000000000000E+000
 MR            1           5  0.000000000000000E+000
 MR            2           1  0.000000000000000E+000
 MR            2           2   4.18878682454427     
 MR            2           3  0.000000000000000E+000
 MR            2           4  0.000000000000000E+000
 MR            2           5  0.000000000000000E+000
 MR            3           1  0.000000000000000E+000
 MR            3           2  0.000000000000000E+000
 MR            3           3   4.18878682454427     
 MR            3           4  0.000000000000000E+000
 MR            3           5  0.000000000000000E+000
 MR            4           1  0.000000000000000E+000
 MR            4           2  0.000000000000000E+000
 MR            4           3  0.000000000000000E+000
 MR            4           4   2.09439341227214     
 MR            4           5  0.000000000000000E+000
 MR            5           1  0.000000000000000E+000
 MR            5           2  0.000000000000000E+000
 MR            5           3  0.000000000000000E+000
 MR            5           4  0.000000000000000E+000
 MR            5           5   12.5663604736328     

Solucion
Sol            1   1.00000000000000     
 Sol            2  0.000000000000000E+000
 Sol            3  0.000000000000000E+000
 Sol            4   1.00000000000000     
 Sol            5  0.333333333333333     
