1967
paso: 0
1	4.804	44.351	2.99666	7.40029	7.40029
2	4.289	44.08	2.9965	7.40029	7.40029
3	3.721	44.127	2.99653	7.40029	7.40029
4	3.116	44.143	2.99654	7.40029	7.40029
5	4.759	43.979	2.99644	7.40029	7.40029
6	3.096	43.532	2.99617	7.40029	7.40029
7	3.674	43.529	2.99617	7.40029	7.40029
8	4.238	43.511	2.99616	7.40029	7.40029
9	4.739	43.512	2.99616	7.40029	7.40029
10	2.532	44.136	2.99653	7.40029	7.40029
11	2.498	43.519	2.99617	7.40029	7.40029
12	5.22	44.376	2.99667	7.40029	7.40029
13	5.172	43.974	2.99643	7.40029	7.40029
14	5.104	44.861	2.99696	7.40029	7.40029
15	4.49	44.694	2.99686	7.40029	7.40029
16	3.78	44.76	2.9969	7.40029	7.40029
17	3.154	44.783	2.99692	7.40029	7.40029
18	2.542	44.784	2.99692	7.40029	7.40029
19	1.95	44.106	2.99651	7.40029	7.40029
20	2.479	42.927	2.99581	7.40029	7.40029
21	3.065	42.931	2.99581	7.40029	7.40029
22	5.207	43.547	2.99618	7.40029	7.40029
23	3.659	42.932	2.99581	7.40029	7.40029
24	4.231	42.93	2.99581	7.40029	7.40029
25	4.763	42.989	2.99585	7.40029	7.40029
26	5.266	43.071	2.99589	7.40029	7.40029
27	1.954	43.494	2.99615	7.40029	7.40029
28	1.417	44.043	2.99648	7.40029	7.40029
29	1.464	43.454	2.99613	7.40029	7.40029
30	1.967	44.772	2.99691	7.40029	7.40029
31	1.841	42.896	2.9958	7.40029	7.40029
32	5.534	43.976	2.99643	7.40029	7.40029
33	5.644	43.631	2.99622	7.40029	7.40029
34	1.376	44.758	2.9969	7.40029	7.40029
35	0	44.762	2.99691	7.40029	7.40029
36	0.755	44.751	2.9969	7.40029	7.40029
37	0	43.81	2.99634	7.40029	7.40029
38	0.804	43.859	2.99637	7.40029	7.40029
39	5.7	44.899	2.99698	7.40029	7.40029
40	5.754	44.313	2.99663	7.40029	7.40029
41	4.437	45.432	2.9973	7.40029	7.40029
42	5.061	45.481	2.99733	7.40029	7.40029
43	3.805	45.442	2.99731	7.40029	7.40029
44	3.17	45.457	2.99732	7.40029	7.40029
45	2.561	45.458	2.99732	7.40029	7.40029
46	1.962	45.455	2.99732	7.40029	7.40029
47	5.692	45.542	2.99737	7.40029	7.40029
48	1.939	42.338	2.99546	7.40029	7.40029
49	2.465	42.339	2.99546	7.40029	7.40029
50	3.054	42.325	2.99545	7.40029	7.40029
51	3.644	42.332	2.99546	7.40029	7.40029
52	1.408	45.471	2.99733	7.40029	7.40029
53	1.466	42.307	2.99545	7.40029	7.40029
54	1.085	42.85	2.99577	7.40029	7.40029
55	0	42.857	2.99577	7.40029	7.40029
56	6.03	43.857	2.99636	7.40029	7.40029
57	0.788	45.625	2.99742	7.40029	7.40029
58	0	45.714	2.99747	7.40029	7.40029
59	1.448	46.051	2.99767	7.40029	7.40029
60	1.958	46.116	2.99771	7.40029	7.40029
61	2.558	46.154	2.99773	7.40029	7.40029
62	3.198	46.157	2.99774	7.40029	7.40029
63	3.824	46.144	2.99773	7.40029	7.40029
64	4.436	46.118	2.99771	7.40029	7.40029
65	5.01	46.127	2.99772	7.40029	7.40029
66	5.537	46.136	2.99772	7.40029	7.40029
67	5.96	45.823	2.99753	7.40029	7.40029
68	5.929	46.202	2.99776	7.40029	7.40029
69	5.78	43.119	2.99592	7.40029	7.40029
70	5.632	42.717	2.99568	7.40029	7.40029
71	5.281	42.604	2.99562	7.40029	7.40029
72	4.831	42.459	2.99553	7.40029	7.40029
73	4.252	42.258	2.99541	7.40029	7.40029
74	6.242	43.434	2.9961	7.40029	7.40029
75	4.007	41.843	2.99517	7.40029	7.40029
76	3.599	41.789	2.99513	7.40029	7.40029
77	6.232	45.368	2.99726	7.40029	7.40029
78	6.231	44.898	2.99698	7.40029	7.40029
79	6.3	44.436	2.9967	7.40029	7.40029
80	6.44	44.032	2.99646	7.40029	7.40029
81	6.307	45.779	2.99751	7.40029	7.40029
82	1.924	41.775	2.99513	7.40029	7.40029
83	1.441	41.759	2.99512	7.40029	7.40029
84	2.45	41.776	2.99513	7.40029	7.40029
85	3.016	41.662	2.99506	7.40029	7.40029
86	6.609	43.682	2.99625	7.40029	7.40029
87	6.314	46.183	2.99775	7.40029	7.40029
88	6.864	43.863	2.99636	7.40029	7.40029
89	6.792	44.139	2.99652	7.40029	7.40029
90	6.723	44.487	2.99673	7.40029	7.40029
91	6.7	44.874	2.99697	7.40029	7.40029
92	6.736	45.294	2.99722	7.40029	7.40029
93	6.754	45.726	2.99748	7.40029	7.40029
94	6.771	46.177	2.99774	7.40029	7.40029
95	2.74	41.298	2.99485	7.40029	7.40029
96	2.375	41.281	2.99484	7.40029	7.40029
97	1.935	41.259	2.99483	7.40029	7.40029
98	1.488	41.217	2.9948	7.40029	7.40029
99	1.131	41.209	2.9948	7.40029	7.40029
100	0.84	41.704	2.99509	7.40029	7.40029
101	0	41.905	2.99521	7.40029	7.40029
102	0	46.667	2.99804	7.40029	7.40029
103	1.008	46.552	2.99797	7.40029	7.40029
104	1.82	46.812	2.99813	7.40029	7.40029
105	2.551	46.889	2.99817	7.40029	7.40029
106	3.228	46.901	2.99818	7.40029	7.40029
107	3.878	46.86	2.99815	7.40029	7.40029
108	4.465	46.805	2.99812	7.40029	7.40029
109	5.025	46.758	2.99809	7.40029	7.40029
110	5.542	46.727	2.99807	7.40029	7.40029
111	5.934	46.634	2.99802	7.40029	7.40029
112	6.321	46.629	2.99802	7.40029	7.40029
113	5.803	42.415	2.99551	7.40029	7.40029
114	6.137	42.736	2.99569	7.40029	7.40029
115	6.511	43.057	2.99587	7.40029	7.40029
116	5.435	42.182	2.99537	7.40029	7.40029
117	5.002	41.956	2.99524	7.40029	7.40029
118	4.551	41.729	2.9951	7.40029	7.40029
119	4.155	41.465	2.99494	7.40029	7.40029
120	6.867	43.382	2.99607	7.40029	7.40029
121	3.724	41.293	2.99483	7.40029	7.40029
122	3.248	41.126	2.99474	7.40029	7.40029
123	2.834	40.918	2.99462	7.40029	7.40029
124	6.762	46.61	2.998	7.40029	7.40029
125	2.404	40.816	2.99457	7.40029	7.40029
126	1.948	40.735	2.99452	7.40029	7.40029
127	1.494	40.691	2.9945	7.40029	7.40029
128	1.05	40.689	2.99449	7.40029	7.40029
129	0.6	40.842	2.99458	7.40029	7.40029
130	0	40.952	2.99465	7.40029	7.40029
131	5.97	47.017	2.99825	7.40029	7.40029
132	6.316	47.039	2.99826	7.40029	7.40029
133	6.756	47.055	2.99827	7.40029	7.40029
134	0	47.619	2.99861	7.40029	7.40029
135	0.926	47.609	2.9986	7.40029	7.40029
136	1.784	47.68	2.99864	7.40029	7.40029
137	2.559	47.719	2.99867	7.40029	7.40029
138	3.294	47.697	2.99865	7.40029	7.40029
139	3.981	47.631	2.99861	7.40029	7.40029
140	4.533	47.45	2.99851	7.40029	7.40029
141	5.074	47.405	2.99848	7.40029	7.40029
142	5.696	47.325	2.99843	7.40029	7.40029
143	7.169	43.77	2.9963	7.40029	7.40029
144	7.098	44.154	2.99653	7.40029	7.40029
145	7.077	44.488	2.99673	7.40029	7.40029
146	7.098	44.82	2.99693	7.40029	7.40029
147	7.269	45.18	2.99715	7.40029	7.40029
148	7.278	45.695	2.99746	7.40029	7.40029
149	7.281	46.162	2.99774	7.40029	7.40029
150	7.254	46.613	2.99801	7.40029	7.40029
151	6.428	42.34	2.99545	7.40029	7.40029
152	6.038	42.029	2.99528	7.4003	7.40029
153	5.633	41.738	2.99513	7.4003	7.40029
154	6.802	42.669	2.99562	7.40029	7.40029
155	7.159	43.018	2.99584	7.40029	7.40029
156	5.214	41.467	2.99496	7.40029	7.40029
157	4.783	41.218	2.9948	7.40029	7.40029
158	4.339	40.99	2.99464	7.4003	7.40029
159	3.884	40.785	2.99451	7.4003	7.40029
160	7.498	43.383	2.99607	7.40029	7.40029
161	3.42	40.603	2.99443	7.4003	7.40029
162	2.948	40.444	2.99435	7.4003	7.40029
163	2.468	40.309	2.99427	7.4003	7.40029
164	7.238	47.046	2.99826	7.40029	7.40029
165	1.981	40.198	2.99421	7.4003	7.40029
166	1.49	40.112	2.99416	7.40029	7.40029
167	0.996	40.05	2.99412	7.40029	7.40029
168	0.498	40.012	2.9941	7.40029	7.40029
169	0	40	2.99409	7.40029	7.40029
170	6.228	47.471	2.99852	7.40029	7.40029
171	6.741	47.493	2.99853	7.40029	7.40029
172	7.243	47.492	2.99853	7.40029	7.40029
173	4.604	48	2.99883	7.40029	7.40029
174	5.075	48.031	2.99885	7.40029	7.40029
175	5.656	48.033	2.99885	7.40029	7.40029
176	6.212	47.992	2.99883	7.40029	7.40029
177	7.326	44.232	2.99658	7.40029	7.40029
178	7.367	44.475	2.99673	7.40029	7.40029
179	7.326	44.715	2.99687	7.40029	7.40029
180	7.509	44.056	2.99648	7.40029	7.40029
181	7.818	43.765	2.9963	7.40029	7.40029
182	7.521	44.839	2.99694	7.40029	7.40029
183	7.756	44.967	2.99702	7.40029	7.40029
184	7.763	45.257	2.9972	7.40029	7.40029
185	7.808	45.684	2.99745	7.40029	7.40029
186	0	48.571	2.99918	7.40029	7.40029
187	0.911	48.576	2.99918	7.40029	7.40029
188	1.776	48.602	2.99919	7.40029	7.40029
189	2.593	48.605	2.9992	7.40029	7.40029
190	3.382	48.588	2.99919	7.40029	7.40029
191	4.222	48.485	2.99912	7.40029	7.40029
192	7.9	46.196	2.99776	7.40029	7.40029
193	7.739	46.622	2.99801	7.40029	7.40029
194	7.723	47.046	2.99826	7.40029	7.40029
195	6.803	42.668	2.77623	7.40029	7.40029
196	6.429	42.338	2.69803	7.40029	7.40029
197	6.04	42.027	2.59766	7.40029	7.40029
198	5.635	41.736	2.64568	7.40029	7.40029
199	5.216	41.465	2.57704	7.40029	7.40029
200	7.16	43.016	2.7278	7.40029	7.40029
201	7.5	43.381	2.66351	7.40029	7.40029
202	4.784	41.216	2.67005	7.40029	7.40029
203	4.34	40.988	2.59504	7.40029	7.40029
204	3.885	40.783	2.58509	7.40029	7.40029
205	3.421	40.601	2.65068	7.40029	7.40029
206	7.82	43.764	2.75356	7.40029	7.40029
207	2.948	40.442	2.67404	7.40029	7.40029
208	2.468	40.307	2.66525	7.40029	7.40029
209	1.982	40.196	2.62422	7.40029	7.40029
210	7.739	47.48	2.99852	7.40029	7.40029
211	1.491	40.109	2.45711	7.40029	7.40029
212	0.996	40.047	2.46367	7.40029	7.40029
213	0.499	40.01	2.63432	7.40029	7.40029
214	0	39.998	2.6451	7.40029	7.40029
215	6.734	47.962	2.99881	7.40029	7.40029
216	7.261	47.944	2.9988	7.40029	7.40029
217	7.774	47.93	2.99879	7.40029	7.40029
218	4.971	48.729	2.99927	7.40029	7.40029
219	7.703	44.469	2.99672	7.40029	7.40029
220	8.119	44.163	2.99654	7.40029	7.40029
221	8.121	44.161	2.70498	7.40029	7.40029
222	8.019	44.797	2.99692	7.40029	7.40029
223	8.191	45.165	2.99714	7.40029	7.40029
224	8.358	45.601	2.9974	7.40029	7.40029
225	8.121	46.406	2.99788	7.40029	7.40029
226	8.135	46.669	2.99804	7.40029	7.40029
227	8.381	46.376	2.99786	7.40029	7.40029
228	8.506	46.109	2.9977	7.40029	7.40029
229	8.159	47.041	2.99826	7.40029	7.40029
230	8.217	47.466	2.99852	7.40029	7.40029
231	0	49.524	2.99974	7.40029	7.40029
232	0.906	49.532	2.99975	7.40029	7.40029
233	1.778	49.539	2.99975	7.40029	7.40029
234	2.604	49.551	2.99976	7.40029	7.40029
235	3.393	49.542	2.99975	7.40029	7.40029
236	4.173	49.554	2.99976	7.40029	7.40029
237	4.929	49.614	2.9998	7.40029	7.40029
238	1.982	40.193	2.1222	7.40028	7.4003
239	2.469	40.304	2.13206	7.40028	7.4003
240	2.949	40.439	2.14413	7.40028	7.4003
241	3.422	40.598	2.15827	7.40028	7.4003
242	3.886	40.781	2.17459	7.40028	7.4003
243	4.341	40.986	2.193	7.40028	7.40029
244	4.785	41.213	2.21346	7.40028	7.40029
245	5.217	41.463	2.23593	7.40029	7.40029
246	5.636	41.733	2.25974	7.40028	7.40029
247	6.041	42.025	2.28585	7.40029	7.40029
248	6.431	42.336	2.3138	7.40029	7.40029
249	6.805	42.666	2.34346	7.40029	7.40029
250	7.162	43.014	2.37447	7.40029	7.40029
251	7.502	43.38	2.40732	7.40029	7.40029
252	7.822	43.762	2.44151	7.40029	7.40029
253	8.123	44.16	2.47703	7.40029	7.40029
254	1.491	40.107	2.11466	7.40028	7.4003
255	5.709	48.78	2.9993	7.40029	7.40029
256	6.235	48.512	2.99914	7.40029	7.40029
257	6.761	48.429	2.99909	7.40029	7.40029
258	1.761	39.723	2.11606	7	7
259	8.273	47.913	2.99878	7.40029	7.40029
260	0.996	40.045	2.11013	7.40029	7.40029
261	0.499	40.007	2.10983	7.40029	7.40029
262	0	39.995	2.11321	7.40029	7.40029
263	7.287	48.395	2.99907	7.40029	7.40029
264	7.814	48.382	2.99906	7.40029	7.40029
265	8.328	48.368	2.99905	7.40029	7.40029
266	8.4	44.575	2.99679	7.40029	7.40029
267	8.402	44.573	2.73039	7.40029	7.40029
268	8.404	44.572	2.51399	7.40029	7.40029
269	8.66	45	2.99704	7.40029	7.40029
270	8.899	45.438	2.9973	7.40029	7.40029
271	9.115	45.887	2.99757	7.40029	7.40029
272	8.473	46.632	2.99802	7.40029	7.40029
273	8.587	47.003	2.99824	7.40029	7.40029
274	8.832	46.499	2.99794	7.40029	7.40029
275	9.309	46.347	2.99784	7.40029	7.40029
276	8.677	47.432	2.9985	7.40029	7.40029
277	8.762	47.884	2.99877	7.40029	7.40029
278	2.109	39.87	2.12226	7	7
279	2.522	39.945	2.13012	7	7
280	3.002	40.022	2.1408	7	7
281	3.493	40.165	2.15427	7	7
282	3.989	40.306	2.16965	7	7
283	4.487	40.465	2.18718	7	7
284	5.016	40.676	2.20844	7	7
285	5.599	40.908	2.23397	7	7
286	5.938	41.304	2.25803	7	7
287	6.328	41.564	2.28118	7	7
288	6.747	41.837	2.30716	7	7
289	7.195	42.159	2.33742	7	7
290	7.522	42.595	2.36946	7	7
291	7.907	42.957	2.40208	7	7
292	8.258	43.42	2.44	7	7
293	8.564	43.867	2.47681	7	7
294	1.492	39.438	2.10998	7	7
295	5.995	48.976	2.99942	7.40029	7.40029
296	6.335	48.903	2.99937	7.40029	7.40029
297	6.015	49.312	2.99962	7.40029	7.40029
298	6.802	48.851	2.99934	7.40029	7.40029
299	7.325	48.839	2.99933	7.40029	7.40029
300	1.997	39.488	2.11655	7	7
301	2.197	39.647	2.12132	7	7
302	1.759	39.333	2.11133	7	7
303	5.948	40.829	2.24231	7	7
304	6.21	40.957	2.2552	7	7
305	0	50.476	3.00031	7.40029	7.40029
306	0.904	50.48	3.00031	7.40029	7.40029
307	1.776	50.488	3.00032	7.40029	7.40029
308	2.598	50.492	3.00032	7.40029	7.40029
309	3.386	50.519	3.00034	7.40029	7.40029
310	4.153	50.531	3.00034	7.40029	7.40029
311	4.871	50.526	3.00034	7.40029	7.40029
312	5.748	49.689	2.99984	7.40029	7.40029
313	5.534	50.561	3.00036	7.40029	7.40029
314	8.962	44.252	2.51439	7	7
315	8.832	48.346	2.99904	7.40029	7.40029
316	7.854	48.831	2.99933	7.40029	7.40029
317	8.377	48.825	2.99933	7.40029	7.40029
318	8.891	48.812	2.99932	7.40029	7.40029
319	8.662	44.999	2.81176	7.40029	7.40029
320	8.665	44.998	2.55208	7.40029	7.40029
321	9.177	44.757	2.55407	7	7
322	8.901	45.437	2.79525	7.40029	7.40029
323	9.117	45.886	2.84699	7.40029	7.40029
324	9.311	46.346	2.83397	7.40029	7.40029
325	9.008	46.922	2.99819	7.40029	7.40029
326	9.143	47.371	2.99846	7.40029	7.40029
327	9.479	46.815	2.99813	7.40029	7.40029
328	9.482	46.814	2.82001	7.40029	7.40029
329	9.249	47.838	2.99874	7.40029	7.40029
330	9.335	48.311	2.99902	7.40029	7.40029
331	2.516	39.598	2.12544	7	7
332	3.027	39.562	2.13383	7	7
333	3.545	39.722	2.14715	7	7
334	1.85	39.085	2.1085	7	7
335	2.339	39.267	2.11795	7	7
336	4.057	39.835	2.16118	7	7
337	4.085	39.406	2.15107	7	7
338	3.559	39.354	2.13916	7	7
339	4.593	39.861	2.17476	7	7
340	5.186	40.117	2.19708	7	7
341	6.064	40.572	2.23665	7	7
342	5.865	40.306	2.22183	7	7
343	6.565	41.137	2.27321	7	7
344	6.365	40.645	2.24823	7	7
345	6.692	40.719	2.26047	7	7
346	7.041	41.232	2.29188	7	7
347	7.861	42.194	2.36183	7	7
348	7.699	41.591	2.32818	7	7
349	9.11	43.914	2.49798	7	7
350	8.933	43.593	2.47302	7	7
351	6.363	49.286	2.9996	7.40029	7.40029
352	6.839	49.283	2.9996	7.40029	7.40029
353	6.344	49.724	2.99986	7.40029	7.40029
354	7.361	49.279	2.9996	7.40029	7.40029
355	7.893	49.282	2.9996	7.40029	7.40029
356	6.07	50.203	3.00015	7.40029	7.40029
357	6.057	50.708	3.00045	7.40029	7.40029
358	6.464	50.202	3.00015	7.40029	7.40029
359	9.621	44.571	2.55531	7	7
360	9.542	44.175	2.52756	7	7
361	9.436	43.831	2.50263	7	7
362	0	37.995	2.0745	7	7
363	1.504	38.649	2.097	7	7
364	0	51.429	3.00088	7.40029	7.40029
365	0.908	51.433	3.00088	7.40029	7.40029
366	1.768	51.417	3.00087	7.40029	7.40029
367	2.584	51.425	3.00088	7.40029	7.40029
368	3.366	51.452	3.00089	7.40029	7.40029
369	8.368	42.451	2.39126	7	7
370	8.775	43.08	2.4383	7	7
371	4.195	51.566	3.00096	7.40029	7.40029
372	4.899	51.345	3.00083	7.40029	7.40029
373	5.531	51.32	3.00082	7.40029	7.40029
374	6.115	51.336	3.00083	7.40029	7.40029
375	9.315	43.521	2.48031	7	7
376	9.169	43.209	2.45755	7	7
377	9.402	48.789	2.99931	7.40029	7.40029
378	8.419	49.284	2.9996	7.40029	7.40029
379	8.935	49.28	2.9996	7.40029	7.40029
380	9.449	49.27	2.99959	7.40029	7.40029
381	8.903	45.436	2.59134	7.40029	7.40029
382	9.477	45.168	2.59144	7	7
383	9.12	45.885	2.63159	7.40029	7.40029
384	9.313	46.345	2.6727	7.40029	7.40029
385	9.484	46.814	2.71457	7.40029	7.40029
386	9.626	47.292	2.99842	7.40029	7.40029
387	9.749	47.775	2.9987	7.40029	7.40029
388	9.629	47.291	2.8566	7.40029	7.40029
389	9.631	47.29	2.75724	7.40029	7.40029
390	9.848	48.264	2.999	7.40029	7.40029
391	9.922	48.757	2.99929	7.40029	7.40029
392	3.048	38.922	2.11906	7	7
393	5.259	39.598	2.18185	7	7
394	4.597	39.044	2.15003	7	7
395	5.959	39.638	2.19963	7	7
396	6.506	40.272	2.23743	7	7
397	6.645	39.758	2.21993	7	7
398	7.12	40.462	2.26118	7	7
399	7.892	40.684	2.29021	7	7
400	6.871	49.722	2.99986	7.40029	7.40029
401	7.398	49.732	2.99987	7.40029	7.40029
402	6.935	50.196	3.00014	7.40029	7.40029
403	7.928	49.738	2.99987	7.40029	7.40029
404	8.45	49.746	2.99988	7.40029	7.40029
405	6.557	50.732	3.00046	7.40029	7.40029
406	7.001	50.647	3.00041	7.40029	7.40029
407	9.768	43.741	2.50607	7	7
408	9.683	43.355	2.48027	7	7
409	0	35.995	2.00725	7	7
410	3.256	37.641	2.08381	7	7
411	2.199	36.488	2.03555	7	7
412	9.153	42.687	2.42712	7	7
413	8.854	42.35	2.40017	7	7
414	9.454	43.035	2.45508	7	7
415	4.582	52.027	3.00124	7.40029	7.40029
416	5.037	52.004	3.00122	7.40029	7.40029
417	5.594	51.982	3.00121	7.40029	7.40029
418	6.164	51.955	3.00119	7.40029	7.40029
419	0	33.996	1.92542	7	7
420	0	31.996	1.83032	7	7
421	0	29.996	1.72807	7	7
422	6.756	51.315	3.00081	7.40029	7.40029
423	6.727	51.952	3.00119	7.40029	7.40029
424	0	52.381	3.00145	7.40029	7.40029
425	0.923	52.395	3.00146	7.40029	7.40029
426	1.779	52.329	3.00142	7.40029	7.40029
427	2.551	52.296	3.0014	7.40029	7.40029
428	3.284	52.322	3.00141	7.40029	7.40029
429	3.969	52.388	3.00145	7.40029	7.40029
430	4.522	52.564	3.00156	7.40029	7.40029
431	0	27.996	1.62126	7	7
432	10.107	44.801	2.58347	7	7
433	10.133	43.963	2.52908	7	7
434	8.544	41.601	2.35207	7	7
435	9.042	41.934	2.38232	7	7
436	8.694	40.805	2.31465	7	7
437	7.064	51.035	3.00065	7.40029	7.40029
438	8.982	41.038	2.33298	7	7
439	8.908	41.384	2.34968	7	7
440	9.972	49.253	2.99958	7.40029	7.40029
441	8.963	49.751	2.99988	7.40029	7.40029
442	9.476	49.752	2.99988	7.40029	7.40029
443	9.997	49.751	2.99988	7.40029	7.40029
444	9.687	45.691	2.6346	7	7
445	10.315	45.51	2.63736	7	7
446	9.853	46.195	2.67619	7	7
447	9.985	46.657	2.71466	7	7
448	10.207	47.099	2.75404	7	7
449	9.752	47.774	2.87595	7.40029	7.40029
450	9.851	48.263	2.90426	7.40029	7.40029
451	9.754	47.774	2.80061	7.40029	7.40029
452	10.332	47.636	2.7994	7	7
453	9.925	48.756	2.93169	7.40029	7.40029
454	9.975	49.253	2.96122	7.40029	7.40029
455	4.555	37.555	2.09624	7	7
456	6.049	38.891	2.17175	7	7
457	6.148	37.493	2.11394	7	7
458	8.021	40.027	2.26134	7	7
459	7.429	39.359	2.21872	7	7
460	8.694	40.048	2.27591	7	7
461	7.438	50.19	3.00014	7.40029	7.40029
462	7.951	50.203	3.00015	7.40029	7.40029
463	7.46	50.657	3.00042	7.40029	7.40029
464	8.464	50.213	3.00015	7.40029	7.40029
465	8.973	50.225	3.00016	7.40029	7.40029
466	7.445	51.081	3.00067	7.40029	7.40029
467	9.745	42.815	2.44937	7	7
468	10.201	43.145	2.47969	7	7
469	2.055	34.123	1.93508	7	7
470	4.191	35.958	2.0269	7	7
471	4.036	34.01	1.93701	7	7
472	9.606	42.272	2.41481	7	7
473	5.062	52.604	3.00158	7.40029	7.40029
474	2.022	32.032	1.83434	7	7
475	2.032	30.008	1.73017	7	7
476	2.084	28	1.62253	7	7
477	7.33	51.514	3.00093	7.40029	7.40029
478	7.274	52.007	3.00123	7.40029	7.40029
479	0	25.997	1.51149	7	7
480	2.106	25.992	1.51196	7	7
481	9.254	41.464	2.36185	7	7
482	9.711	41.594	2.37879	7	7
483	9.356	40.631	2.31919	7	7
484	9.319	41.063	2.34148	7	7
485	9.296	40.098	2.2897	7	7
486	0	23.997	1.39953	7	7
487	0	21.997	1.28603	7	7
488	0	19.997	1.17138	7	7
489	0	53.333	3.00202	7.40029	7.40029
490	0	17.998	1.05593	7	7
491	5.68	52.68	3.00163	7.40029	7.40029
492	6.215	52.512	3.00153	7.40029	7.40029
493	6.737	52.48	3.00151	7.40029	7.40029
494	7.246	52.495	3.00152	7.40029	7.40029
495	1.008	53.449	3.00208	7.40029	7.40029
496	1.817	53.191	3.00193	7.40029	7.40029
497	2.547	53.116	3.00189	7.40029	7.40029
498	3.224	53.105	3.00188	7.40029	7.40029
499	3.873	53.146	3.0019	7.40029	7.40029
500	4.463	53.198	3.00194	7.40029	7.40029
501	5.022	53.245	3.00196	7.40029	7.40029
502	10.991	43.978	2.54846	7	7
503	10.979	44.744	2.59869	7	7
504	11.009	45.464	2.64845	7	7
505	11.032	43.174	2.49826	7	7
506	10.392	46.089	2.68091	7	7
507	10.423	46.521	2.71369	7	7
508	9.712	41.094	2.35105	7	7
509	9.999	49.751	2.99201	7.40029	7.40029
510	9.479	50.237	3.00017	7.40029	7.40029
511	9.997	50.249	3.00018	7.40029	7.40029
512	9.999	50.249	3.00801	7.40029	7.40029
513	11.005	46.132	2.69581	7	7
514	10.846	46.817	2.74384	7	7
515	10.97	47.507	2.79859	7	7
516	9.853	48.263	2.84442	7.40029	7.40029
517	9.927	48.756	2.88855	7.40029	7.40029
518	10.417	48.173	2.84465	7	7
519	11.01	48.104	2.84598	7	7
520	9.977	49.252	2.93296	7.40029	7.40029
521	10.002	49.751	2.97767	7.40029	7.40029
522	6.017	35.806	2.03527	7	7
523	8.712	39.391	2.2429	7	7
524	8.844	38.525	2.20046	7	7
525	7.974	37.697	2.14773	7	7
526	7.776	35.749	2.04783	7	7
527	7.953	50.665	3.00042	7.40029	7.40029
528	8.454	50.684	3.00044	7.40029	7.40029
529	7.92	51.129	3.0007	7.40029	7.40029
530	8.955	50.7	3.00044	7.40029	7.40029
531	9.459	50.722	3.00046	7.40029	7.40029
532	7.85	51.579	3.00097	7.40029	7.40029
533	10.3	42.328	2.43291	7	7
534	11.089	42.368	2.44988	7	7
535	3.983	32	1.83732	7	7
536	5.893	33.904	1.94148	7	7
537	5.865	31.945	1.84081	7	7
538	10.31	41.531	2.38677	7	7
539	5.539	53.274	3.00198	7.40029	7.40029
540	4.046	30.014	1.7337	7	7
541	4.177	28.057	1.62798	7	7
542	4.267	26.002	1.51427	7	7
543	7.788	52.055	3.00125	7.40029	7.40029
544	7.743	52.513	3.00153	7.40029	7.40029
545	2.116	23.981	1.39918	7	7
546	4.283	23.974	1.40008	7	7
547	10.049	40.699	2.33528	7	7
548	9.782	39.638	2.27305	7	7
549	2.12	21.978	1.28536	7	7
550	2.135	19.974	1.17037	7	7
551	2.167	17.972	1.05467	7	7
552	0	15.998	0.939776	7	7
553	2.193	15.973	0.938512	7	7
554	5.966	52.983	3.00181	7.40029	7.40029
555	6.313	52.958	3.00179	7.40029	7.40029
556	5.933	53.367	3.00204	7.40029	7.40029
557	6.756	52.94	3.00178	7.40029	7.40029
558	7.239	52.951	3.00179	7.40029	7.40029
559	7.724	52.954	3.00179	7.40029	7.40029
560	1.448	53.949	3.00238	7.40029	7.40029
561	1.958	53.885	3.00234	7.40029	7.40029
562	2.557	53.847	3.00232	7.40029	7.40029
563	3.197	53.845	3.00232	7.40029	7.40029
564	3.823	53.858	3.00233	7.40029	7.40029
565	4.435	53.882	3.00234	7.40029	7.40029
566	5.01	53.873	3.00234	7.40029	7.40029
567	5.537	53.865	3.00234	7.40029	7.40029
568	0	13.998	0.823126	7	7
569	0	54.286	3.00258	7.40029	7.40029
570	0.787	54.375	3.00264	7.40029	7.40029
571	1.408	54.529	3.00273	7.40029	7.40029
572	0	11.999	0.706155	7	7
573	11.744	44.737	2.61145	7	7
574	11.772	43.978	2.56196	7	7
575	11.806	43.206	2.5132	7	7
576	11.739	45.461	2.66049	7	7
577	11.705	46.154	2.70852	7	7
578	11.864	42.415	2.46494	7	7
579	10.002	50.249	3.02229	7.40029	7.40029
580	9.972	50.747	3.00047	7.40029	7.40029
581	9.975	50.747	3.03879	7.40029	7.40029
582	9.977	50.748	3.06701	7.40029	7.40029
583	11.659	46.832	2.75691	7	7
584	11.652	47.485	2.80521	7	7
585	11.646	48.088	2.85087	7	7
586	10.462	48.703	2.88938	7	7
587	10.491	49.228	2.93401	7	7
588	11.029	48.665	2.89105	7	7
589	11.617	48.66	2.89478	7	7
590	10.501	49.751	2.97867	7	7
591	10.496	50.272	3.02326	7	7
592	7.686	33.805	1.94684	7	7
593	9.808	38.466	2.21048	7	7
594	9.534	37.24	2.14229	7	7
595	9.435	35.589	2.05333	7	7
596	9.376	33.679	1.95001	7	7
597	8.415	51.15	3.00071	7.40029	7.40029
598	8.912	51.175	3.00073	7.40029	7.40029
599	8.352	51.618	3.00099	7.40029	7.40029
600	9.411	51.205	3.00074	7.40029	7.40029
601	9.922	51.243	3.00077	7.40029	7.40029
602	8.283	52.08	3.00127	7.40029	7.40029
603	11.099	41.523	2.39976	7	7
604	11.929	41.581	2.41537	7	7
605	5.918	30.108	1.74321	7	7
606	7.557	31.867	1.84334	7	7
607	7.449	30.257	1.75563	7	7
608	11.032	40.608	2.34577	7	7
609	5.929	53.798	3.0023	7.40029	7.40029
610	6.362	28.252	1.64246	7	7
611	6.497	26.1	1.5226	7	7
612	6.538	23.976	1.40229	7	7
613	8.22	52.533	3.00154	7.40029	7.40029
614	8.16	52.959	3.00179	7.40029	7.40029
615	4.294	21.954	1.28495	7	7
616	6.552	21.926	1.2849	7	7
617	10.957	39.563	2.28548	7	7
618	10.931	38.398	2.22012	7	7
619	4.332	19.944	1.16938	7	7
620	4.383	17.936	1.05316	7	7
621	4.459	15.941	0.937106	7	7
622	2.207	13.984	0.822458	7	7
623	4.47	13.963	0.821585	7	7
624	6.321	53.371	3.00204	7.40029	7.40029
625	6.762	53.389	3.00205	7.40029	7.40029
626	6.314	53.817	3.00231	7.40029	7.40029
627	7.255	53.388	3.00205	7.40029	7.40029
628	7.739	53.378	3.00204	7.40029	7.40029
629	8.135	53.331	3.00202	7.40029	7.40029
630	1.962	54.545	3.00274	7.40029	7.40029
631	2.561	54.542	3.00274	7.40029	7.40029
632	3.17	54.543	3.00274	7.40029	7.40029
633	3.805	54.558	3.00275	7.40029	7.40029
634	4.437	54.568	3.00275	7.40029	7.40029
635	5.061	54.519	3.00273	7.40029	7.40029
636	5.96	54.177	3.00252	7.40029	7.40029
637	5.692	54.459	3.00269	7.40029	7.40029
638	2.205	12	0.706328	7	7
639	0	9.999	0.588832	7	7
640	2.199	10.019	0.590095	7	7
641	0	7.999	0.47129	7	7
642	0	55.238	3.00315	7.40029	7.40029
643	0.755	55.249	3.00316	7.40029	7.40029
644	1.376	55.242	3.00315	7.40029	7.40029
645	1.967	55.228	3.00314	7.40029	7.40029
646	0	5.999	0.353584	7	7
647	12.476	44.74	2.62202	7	7
648	12.45	45.479	2.67142	7	7
649	12.496	43.985	2.57277	7	7
650	12.533	43.228	2.52481	7	7
651	12.578	42.496	2.47955	7	7
652	12.425	46.189	2.72017	7	7
653	12.382	46.872	2.76804	7	7
654	12.776	41.734	2.43522	7	7
655	10.472	50.791	3.06767	7	7
656	9.925	51.244	3.06832	7.40029	7.40029
657	9.927	51.244	3.11143	7.40029	7.40029
658	10.429	51.308	3.11182	7	7
659	12.349	47.521	2.81466	7	7
660	12.289	48.134	2.85934	7	7
661	12.217	48.687	2.90027	7	7
662	11.03	49.213	2.93552	7	7
663	11.027	49.757	2.98003	7	7
664	11.594	49.216	2.93814	7	7
665	12.167	49.239	2.94188	7	7
666	11.015	50.297	3.02437	7	7
667	10.993	50.835	3.06853	7	7
668	9.301	31.464	1.82842	7	7
669	10.9	37.081	2.14699	7	7
670	10.855	35.578	2.06361	7	7
671	11.169	33.8	1.96673	7	7
672	11.312	31.493	1.83805	7	7
673	8.846	51.646	3.00101	7.40029	7.40029
674	9.342	51.686	3.00103	7.40029	7.40029
675	8.768	52.114	3.00129	7.40029	7.40029
676	9.848	51.736	3.00106	7.40029	7.40029
677	9.851	51.737	3.09576	7.40029	7.40029
678	8.679	52.568	3.00156	7.40029	7.40029
679	11.968	40.638	2.36001	7	7
680	12.868	40.749	2.37689	7	7
681	8.743	28.985	1.68894	7	7
682	11.978	39.574	2.29825	7	7
683	6.307	54.221	3.00255	7.40029	7.40029
684	8.894	26.264	1.53584	7	7
685	8.869	23.992	1.40595	7	7
686	8.84	21.887	1.28466	7	7
687	8.588	52.997	3.00182	7.40029	7.40029
688	8.473	53.368	3.00204	7.40029	7.40029
689	8.121	53.594	3.00217	7.40029	7.40029
690	8.381	53.624	3.00219	7.40029	7.40029
691	6.579	19.898	1.1679	7	7
692	8.857	19.805	1.16403	7	7
693	12.051	38.363	2.22956	7	7
694	12.069	37.015	2.15327	7	7
695	6.675	17.882	1.05095	7	7
696	6.785	15.88	0.934278	7	7
697	6.775	13.961	0.822037	7	7
698	4.476	12.012	0.707307	7	7
699	6.786	12.027	0.70863	7	7
700	6.771	53.824	3.00231	7.40029	7.40029
701	7.281	53.838	3.00232	7.40029	7.40029
702	6.754	54.274	3.00258	7.40029	7.40029
703	7.9	53.805	3.0023	7.40029	7.40029
704	2.542	55.216	3.00314	7.40029	7.40029
705	3.154	55.217	3.00314	7.40029	7.40029
706	3.78	55.24	3.00315	7.40029	7.40029
707	6.232	54.632	3.00279	7.40029	7.40029
708	4.469	10.025	0.590655	7	7
709	2.155	8.039	0.473705	7	7
710	4.448	8.019	0.472688	7	7
711	2.137	6.125	0.361044	7	7
712	0	3.999	0.235762	7	7
713	2.029	4.511	0.265959	7	7
714	13.164	42.601	2.49301	7	7
715	13.192	43.22	2.53223	7	7
716	13.212	43.974	2.58064	7	7
717	13.194	44.752	2.63124	7	7
718	13.17	45.508	2.68144	7	7
719	13.139	46.238	2.73089	7	7
720	13.1	46.935	2.77903	7	7
721	13.041	47.613	2.8266	7	7
722	0	2	0.117905	7	7.0433
723	0	0	0	26.7796	1.52288
724	0	56.19	3.00372	7.40029	7.40029
725	0.803	56.14	3.00369	7.40029	7.40029
726	1.417	55.957	3.00358	7.40029	7.40029
727	1.95	55.894	3.00354	7.40029	7.40029
728	2.532	55.864	3.00352	7.40029	7.40029
729	4.49	55.306	3.00319	7.40029	7.40029
730	5.104	55.139	3.0031	7.40029	7.40029
731	5.7	55.101	3.00307	7.40029	7.40029
732	6.231	55.105	3.00308	7.40029	7.40029
733	13.663	42.08	2.46589	7	7
734	13.813	40.936	2.39736	7	7
735	11.996	35.7	2.07844	7	7
736	10.953	51.372	3.11249	7	7
737	9.853	51.737	3.15558	7.40029	7.40029
738	10.363	51.826	3.15595	7	7
739	10.897	51.912	3.15649	7	7
740	12.949	48.242	2.87132	7	7
741	12.787	48.76	2.90828	7	7
742	12.736	49.266	2.94548	7	7
743	11.574	49.772	2.98194	7	7
744	11.557	50.327	3.02585	7	7
745	12.139	49.795	2.98428	7	7
746	12.708	49.824	2.98688	7	7
747	11.533	50.881	3.06968	7	7
748	11.5	51.434	3.11328	7	7
749	9.251	52.161	3.00131	7.40029	7.40029
750	9.749	52.225	3.00135	7.40029	7.40029
751	9.144	52.629	3.0016	7.40029	7.40029
752	9.752	52.226	3.12406	7.40029	7.40029
753	9.754	52.226	3.19938	7.40029	7.40029
754	9.008	53.078	3.00187	7.40029	7.40029
755	12.973	39.655	2.31312	7	7
756	13.896	39.822	2.33121	7	7
757	13.083	38.393	2.24039	7	7
758	6.736	54.71	3.00284	7.40029	7.40029
759	8.832	53.501	3.00212	7.40029	7.40029
760	8.506	53.891	3.00235	7.40029	7.40029
761	8.876	17.789	1.04669	7	7
762	9.23	15.796	0.930355	7	7
763	8.94	13.927	0.820732	7	7
764	10.719	17.663	1.04041	7	7
765	11.12	21.773	1.28032	7	7
766	11.013	19.638	1.15595	7	7
767	11.211	23.932	1.40557	7	7
768	11.389	26.183	1.53563	7	7
769	11.838	28.87	1.69076	7	7
770	13.209	30.169	1.76887	7	7
771	13.128	31.969	1.87196	7	7
772	12.866	34.483	2.01446	7	7
773	13.457	36.761	2.1486	7	7
774	8.968	12.216	0.720295	7	7
775	10.615	13.998	0.825491	7	7
776	10.59	12.45	0.734535	7	7
777	6.871	10.127	0.597007	7	7
778	9.31	10.312	0.608381	7	7
779	7.278	54.308	3.0026	7.40029	7.40029
780	7.808	54.316	3.00261	7.40029	7.40029
781	8.358	54.4	3.00266	7.40029	7.40029
782	3.116	55.857	3.00352	7.40029	7.40029
783	3.721	55.873	3.00353	7.40029	7.40029
784	4.289	55.92	3.00356	7.40029	7.40029
785	6.7	55.126	3.00309	7.40029	7.40029
786	6.791	7.997	0.471643	7	7
787	4.274	5.931	0.349726	7	7
788	6.702	6.216	0.366711	7	7
789	4.063	3.422	0.201803	7	7.01326
790	5	0	0	26.7796	1.52288
791	13.9	43.067	2.52975	7	7
792	13.948	43.939	2.58578	7	7
793	13.943	44.761	2.63912	7	7
794	13.915	45.553	2.69127	7	7
795	13.867	46.296	2.74093	7	7
796	13.823	47.018	2.79004	7	7
797	13.762	47.73	2.83916	7	7
798	1.464	56.545	3.00393	7.40029	7.40029
799	1.954	56.506	3.0039	7.40029	7.40029
800	2.498	56.481	3.00389	7.40029	7.40029
801	3.096	56.468	3.00388	7.40029	7.40029
802	4.804	55.649	3.0034	7.40029	7.40029
803	5.22	55.624	3.00338	7.40029	7.40029
804	4.759	56.021	3.00362	7.40029	7.40029
805	13.654	48.513	2.8939	7	7
806	0	57.143	3.00428	7.40029	7.40029
807	7.269	54.82	3.00291	7.40029	7.40029
808	1.085	57.15	3.00429	7.40029	7.40029
809	5.754	55.688	3.00342	7.40029	7.40029
810	6.3	55.564	3.00335	7.40029	7.40029
811	6.722	55.518	3.00332	7.40029	7.40029
812	14.778	41.017	2.41033	7	7
813	14.728	42.055	2.47377	7	7
814	14.764	43.021	2.53436	7	7
815	14.909	39.965	2.34755	7	7
816	13.4	23.769	1.39908	7	7
817	13.244	48.838	2.91564	7	7
818	14.038	38.7	2.2658	7	7
819	14.118	37.7	2.20756	7	7
820	5.172	56.026	3.00362	7.40029	7.40029
821	5.534	56.024	3.00362	7.40029	7.40029
822	11.451	51.992	3.15703	7	7
823	10.275	52.344	3.19991	7	7
824	10.822	52.458	3.20069	7	7
825	11.388	52.558	3.20105	7	7
826	13.274	49.291	2.94854	7	7
827	13.282	49.839	2.98831	7	7
828	12.115	50.361	3.02763	7	7
829	12.093	50.926	3.07088	7	7
830	12.689	50.395	3.02938	7	7
831	13.272	50.43	3.03121	7	7
832	12.062	51.493	3.11414	7	7
833	12.021	52.063	3.15737	7	7
834	9.626	52.708	3.00164	7.40029	7.40029
835	9.629	52.709	3.14339	7.40029	7.40029
836	9.479	53.185	3.00193	7.40029	7.40029
837	9.631	52.71	3.24271	7.40029	7.40029
838	10.166	52.866	3.24395	7	7
839	9.309	53.653	3.00221	7.40029	7.40029
840	14.974	38.797	2.27804	7	7
841	7.098	55.189	3.00313	7.40029	7.40029
842	9.115	54.113	3.00248	7.40029	7.40029
843	8.899	54.562	3.00276	7.40029	7.40029
844	13.263	21.667	1.27642	7	7
845	13.293	19.184	1.13119	7	7
846	12.064	15.523	0.915756	7	7
847	13.635	25.79	1.5169	7	7
848	14.265	27.82	1.63606	7	7
849	14.835	29.807	1.75262	7	7
850	14.84	31.931	1.87588	7	7
851	14.877	34.161	2.00559	7	7
852	14.901	36.192	2.1241	7	7
853	15.076	37.595	2.20736	7	7
854	12.001	11.481	0.677986	7	7
855	9.285	7.851	0.46342	7	7
856	11.895	8.251	0.487503	7	7
857	8.854	4.6	0.271558	7	7.00961
858	10	0	0	26.7796	1.52288
859	7.762	54.748	3.00286	7.40029	7.40029
860	8.191	54.835	3.00291	7.40029	7.40029
861	8.66	55	3.00301	7.40029	7.40029
862	3.674	56.471	3.00389	7.40029	7.40029
863	4.238	56.489	3.0039	7.40029	7.40029
864	4.739	56.488	3.0039	7.40029	7.40029
865	7.077	55.512	3.00332	7.40029	7.40029
866	14.777	43.932	2.59232	7	7
867	14.756	44.807	2.64867	7	7
868	14.687	45.621	2.70159	7	7
869	14.615	46.369	2.75091	7	7
870	14.552	47.081	2.79862	7	7
871	14.508	47.799	2.84747	7	7
872	14.468	48.513	2.89658	7	7
873	1.841	57.103	3.00426	7.40029	7.40029
874	2.479	57.073	3.00424	7.40029	7.40029
875	3.065	57.069	3.00424	7.40029	7.40029
876	3.659	57.068	3.00424	7.40029	7.40029
877	5.208	56.453	3.00388	7.40029	7.40029
878	13.827	49.203	2.94336	7	7
879	14.497	49.213	2.94521	7	7
880	7.52	55.17	3.00312	7.40029	7.40029
881	7.756	55.033	3.00303	7.40029	7.40029
882	7.326	55.285	3.00318	7.40029	7.40029
883	1.465	57.69	3.00461	7.40029	7.40029
884	1.939	57.662	3.00459	7.40029	7.40029
885	5.644	56.369	3.00383	7.40029	7.40029
886	6.03	56.143	3.0037	7.40029	7.40029
887	6.44	55.969	3.00359	7.40029	7.40029
888	6.792	55.861	3.00353	7.40029	7.40029
889	7.098	55.851	3.00352	7.40029	7.40029
890	15.354	23.653	1.39495	7	7
891	15.113	21.75	1.28327	7	7
892	15.295	25.463	1.50058	7	7
893	0	58.095	3.00484	7.40029	7.40029
894	15	0	0	26.7796	1.52288
895	0.839	58.292	3.00496	7.40029	7.40029
896	1.441	58.241	3.00493	7.40029	7.40029
897	15.677	42.051	2.48039	7	7
898	15.728	41.124	2.42354	7	7
899	15.945	40.124	2.36397	7	7
900	15.686	43.018	2.54082	7	7
901	15.68	43.965	2.60071	7	7
902	16.088	38.918	2.29202	7	7
903	7.366	55.534	3.00333	7.40029	7.40029
904	7.326	55.768	3.00347	7.40029	7.40029
905	11.968	52.643	3.20098	7	7
906	10.723	53.017	3.2456	7	7
907	11.313	53.138	3.24561	7	7
908	11.906	53.236	3.24504	7	7
909	13.872	49.847	2.98913	7	7
910	13.87	50.458	3.03253	7	7
911	12.667	50.973	3.07238	7	7
912	12.64	51.549	3.11507	7	7
913	13.254	51.018	3.07386	7	7
914	13.857	51.065	3.07559	7	7
915	12.605	52.128	3.15774	7	7
916	12.561	52.716	3.20071	7	7
917	9.482	53.186	3.17998	7.40029	7.40029
918	9.484	53.186	3.28537	7.40029	7.40029
919	9.311	53.654	3.16611	7.40029	7.40029
920	10.018	53.389	3.28812	7	7
921	10.6	53.603	3.29215	7	7
922	9.117	54.114	3.15313	7.40029	7.40029
923	16.15	37.646	2.2163	7	7
924	8.901	54.563	3.20484	7.40029	7.40029
925	8.662	55.001	3.18827	7.40029	7.40029
926	16.491	36.206	2.13254	7	7
927	16.612	34.168	2.01288	7	7
928	16.822	31.838	1.87673	7	7
929	16.737	29.586	1.74451	7	7
930	16.892	26.812	1.5823	7	7
931	14.33	5.775	0.341617	7	7.00687
932	15.751	10.596	0.626883	7	7
933	16.591	19.843	1.17268	7	7
934	16.285	15.241	0.901342	7	7
935	17.409	23.518	1.38965	7	7
936	8.019	55.207	3.00314	7.40029	7.40029
937	8.4	55.425	3.00327	7.40029	7.40029
938	8.402	55.427	3.26964	7.40029	7.40029
939	4.231	57.07	3.00424	7.40029	7.40029
940	4.763	57.011	3.00421	7.40029	7.40029
941	5.266	56.929	3.00416	7.40029	7.40029
942	15.616	44.887	2.65952	7	7
943	15.524	45.769	2.71643	7	7
944	15.318	46.459	2.76079	7	7
945	15.271	47.136	2.80575	7	7
946	15.228	47.84	2.85298	7	7
947	15.198	48.552	2.90118	7	7
948	15.18	49.238	2.9479	7	7
949	2.465	57.66	3.00459	7.40029	7.40029
950	3.054	57.675	3.0046	7.40029	7.40029
951	3.644	57.668	3.0046	7.40029	7.40029
952	14.503	49.862	2.99039	7	7
953	15.159	49.907	2.99363	7	7
954	7.703	55.531	3.00333	7.40029	7.40029
955	1.923	58.222	3.00492	7.40029	7.40029
956	2.45	58.224	3.00493	7.40029	7.40029
957	6.864	56.138	3.0037	7.40029	7.40029
958	6.609	56.318	3.00381	7.40029	7.40029
959	6.242	56.566	3.00395	7.40029	7.40029
960	5.78	56.882	3.00414	7.40029	7.40029
961	7.509	55.948	3.00358	7.40029	7.40029
962	7.169	56.23	3.00375	7.40029	7.40029
963	20	0	0	26.7796	1.52288
964	19.891	5.201	0.308397	7	7.00966
965	1.131	58.791	3.00526	7.40029	7.40029
966	1.487	58.776	3.00525	7.40029	7.40029
967	1.935	58.741	3.00523	7.40029	7.40029
968	16.478	41.214	2.43362	7	7
969	16.577	42.036	2.48494	7	7
970	16.635	42.999	2.54526	7	7
971	16.626	44.01	2.60895	7	7
972	16.584	45.027	2.67363	7	7
973	17.174	37.851	2.2335	7	7
974	17.174	39.015	2.30345	7	7
975	17.13	40.525	2.3949	7	7
976	25	0	0	26.7796	1.52288
977	0	59.048	3.00541	7.40029	7.40029
978	0.6	59.158	3.00547	7.40029	7.40029
979	1.049	59.306	3.00556	7.40029	7.40029
980	30	0	0	26.7796	1.52288
981	4.252	57.743	3.00464	7.40029	7.40029
982	12.512	53.316	3.24405	7	7
983	11.217	53.741	3.29134	7	7
984	11.84	53.847	3.28967	7	7
985	12.456	53.933	3.288	7	7
986	14.493	50.501	3.03489	7	7
987	14.472	51.115	3.07763	7	7
988	13.232	51.604	3.11621	7	7
989	13.204	52.189	3.15825	7	7
990	13.837	51.659	3.11759	7	7
991	14.456	51.714	3.11918	7	7
992	13.173	52.778	3.20023	7	7
993	13.137	53.38	3.24269	7	7
994	9.313	53.655	3.3274	7.40029	7.40029
995	9.835	53.904	3.33178	7	7
996	9.12	54.115	3.36863	7.40029	7.40029
997	8.903	54.564	3.40879	7.40029	7.40029
998	8.665	55.002	3.44791	7.40029	7.40029
999	8.404	55.428	3.48602	7.40029	7.40029
1000	18.724	29.722	1.75693	7	7
1001	18.788	31.954	1.88888	7	7
1002	18.598	34.398	2.03304	7	7
1003	18.067	36.859	2.17779	7	7
1004	20.307	10.159	0.602367	7	7
1005	20.552	14.829	0.879106	7	7
1006	20.697	19.353	1.14701	7	7
1007	20.868	23.506	1.39287	7	7
1008	20.414	27.873	1.65066	7	7
1009	8.119	55.837	3.00351	7.40029	7.40029
1010	8.121	55.839	3.29499	7.40029	7.40029
1011	8.123	55.84	3.52287	7.40029	7.40029
1012	4.831	57.541	3.00452	7.40029	7.40029
1013	5.281	57.396	3.00444	7.40029	7.40029
1014	5.632	57.283	3.00437	7.40029	7.40029
1015	15.909	46.571	2.77094	7	7
1016	16.405	46.102	2.74236	7	7
1017	15.926	47.154	2.80956	7	7
1018	15.936	47.863	2.85672	7	7
1019	15.903	48.583	2.90478	7	7
1020	15.869	49.282	2.95167	7	7
1021	15.829	49.953	2.99683	7	7
1022	4.007	58.157	3.00489	7.40029	7.40029
1023	3.599	58.211	3.00492	7.40029	7.40029
1024	3.016	58.339	3.005	7.40029	7.40029
1025	2.374	58.717	3.00522	7.40029	7.40029
1026	2.74	58.702	3.00521	7.40029	7.40029
1027	15.131	50.548	3.03751	7	7
1028	15.787	50.605	3.0408	7	7
1029	7.818	56.235	3.00375	7.40029	7.40029
1030	6.867	56.618	3.00399	7.40029	7.40029
1031	6.511	56.944	3.00418	7.40029	7.40029
1032	6.137	57.264	3.00437	7.40029	7.40029
1033	5.804	57.585	3.00455	7.40029	7.40029
1034	7.498	56.617	3.00399	7.40029	7.40029
1035	7.159	56.982	3.00421	7.40029	7.40029
1036	24.914	5.003	0.297269	7	7.01028
1037	24.918	9.829	0.583999	7	7
1038	1.494	59.309	3.00556	7.40029	7.40029
1039	1.947	59.263	3.00553	7.40029	7.40029
1040	2.404	59.184	3.00549	7.40029	7.40029
1041	17.498	41.799	2.47494	7	7
1042	17.625	42.952	2.54717	7	7
1043	17.667	44.032	2.61514	7	7
1044	17.607	45.107	2.68309	7	7
1045	17.484	46.121	2.74757	7	7
1046	18.403	38.766	2.29366	7	7
1047	18.487	40.343	2.38986	7	7
1048	18.637	41.709	2.47426	7	7
1049	29.737	4.909	0.292182	7	7.01062
1050	0	60	3.00597	7.40029	7.40029
1051	0.498	59.988	3.00596	7.40029	7.40029
1052	0.996	59.95	3.00594	7.40029	7.40029
1053	1.49	59.888	3.0059	7.40029	7.40029
1054	35	0	0	26.7796	1.52288
1055	34.422	5.074	0.302402	7	7.01072
1056	5.003	58.044	3.00481	7.40029	7.40029
1057	4.551	58.271	3.00496	7.40029	7.40029
1058	4.155	58.536	3.00512	7.40029	7.40029
1059	10.39	54.259	3.34449	7	7
1060	11.125	54.378	3.33832	7	7
1061	9.576	54.311	3.36884	7	7
1062	9.969	54.487	3.37079	7	7
1063	5.435	57.818	3.00468	7.40029	7.40029
1064	13.094	54.003	3.28609	7	7
1065	11.765	54.48	3.33504	7	7
1066	12.399	54.57	3.33256	7	7
1067	13.044	54.645	3.33019	7	7
1068	15.103	51.173	3.08029	7	7
1069	15.072	51.775	3.12142	7	7
1070	13.821	52.244	3.15871	7	7
1071	13.803	52.829	3.19951	7	7
1072	14.44	52.296	3.15937	7	7
1073	15.056	52.349	3.16044	7	7
1074	13.79	53.43	3.24096	7	7
1075	13.762	54.053	3.28353	7	7
1076	9.399	54.743	3.40483	7	7
1077	9.2	55.211	3.44302	7	7
1078	8.962	55.695	3.48234	7	7
1079	24.917	14.507	0.861907	7	7
1080	24.898	18.992	1.12836	7	7
1081	24.761	23.278	1.38301	7	7
1082	24.73	27.274	1.62082	7	7
1083	7.82	56.236	3.24655	7.40029	7.40029
1084	7.822	56.238	3.55867	7.4003	7.40029
1085	16.623	47.04	2.80441	7	7
1086	17.429	47.04	2.80674	7	7
1087	16.638	47.855	2.85801	7	7
1088	16.619	48.611	2.9079	7	7
1089	16.568	49.325	2.95516	7	7
1090	16.516	50.006	3.0004	7	7
1091	16.46	50.664	3.04418	7	7
1092	3.724	58.708	3.00522	7.40029	7.40029
1093	3.248	58.874	3.00532	7.40029	7.40029
1094	2.834	59.082	3.00543	7.40029	7.40029
1095	15.742	51.238	3.0835	7	7
1096	16.402	51.31	3.0872	7	7
1097	7.5	56.619	3.33659	7.40029	7.40029
1098	6.802	57.331	3.00443	7.40029	7.40029
1099	6.428	57.66	3.00461	7.40029	7.40029
1100	6.038	57.971	3.00477	7.40029	7.40029
1101	5.633	58.262	3.00493	7.40029	7.40029
1102	7.16	56.984	3.27225	7.40029	7.40029
1103	6.803	57.332	3.22387	7.40029	7.40029
1104	29.503	9.648	0.574239	7	7
1105	29.3	14.221	0.846452	7	7
1106	1.981	59.802	3.00585	7.40029	7.40029
1107	2.468	59.691	3.00579	7.40029	7.40029
1108	2.948	59.556	3.00571	7.40029	7.40029
1109	18.729	42.91	2.54901	7	7
1110	18.748	44.064	2.62118	7	7
1111	33.841	9.599	0.572065	7	7
1112	40	0	0	26.7796	1.52288
1113	38.902	5.803	0.34617	7	7.00966
1114	37.649	9.978	0.59518	7	7
1115	5.214	58.533	3.0051	7.40029	7.40029
1116	4.783	58.782	3.00526	7.40029	7.40029
1117	4.339	59.01	3.00542	7.40029	7.40029
1118	3.884	59.215	3.00554	7.40029	7.40029
1119	9.891	54.891	3.40104	7	7
1120	10.443	54.938	3.39105	7	7
1121	11.071	55.032	3.38456	7	7
1122	11.708	55.133	3.38044	7	7
1123	45	0	0	26.7796	1.52288
1124	50	0	0	26.7796	1.52288
1125	0	60.002	3.35486	7.40029	7.40029
1126	0.499	59.99	3.36585	7.40029	7.40029
1127	0.996	59.953	3.53633	7.40029	7.40029
1128	1.491	59.891	3.54297	7.40029	7.40029
1129	1.982	59.804	3.37588	7.40029	7.40029
1130	8.692	56.21	3.52316	7	7
1131	8.241	56.529	3.55795	7	7
1132	21.52	31.663	1.87741	7	7
1133	24.581	30.824	1.83237	7	7
1134	20.706	34.808	2.06324	7	7
1135	19.96	36.966	2.1906	7	7
1136	19.795	38.788	2.29999	7	7
1137	19.799	40.327	2.39363	7	7
1138	19.844	41.684	2.47697	7	7
1139	19.866	42.905	2.55247	7	7
1140	18.797	45.252	2.6962	7	7
1141	18.399	46.232	2.75735	7	7
1142	18.274	47.11	2.8133	7	7
1143	3.42	59.397	3.00562	7.40029	7.40029
1144	13.721	54.705	3.32761	7	7
1145	12.338	55.226	3.37755	7	7
1146	12.99	55.308	3.37499	7	7
1147	13.672	55.376	3.37237	7	7
1148	15.696	51.851	3.1248	7	7
1149	15.625	52.415	3.16282	7	7
1150	14.446	52.868	3.19847	7	7
1151	15.054	52.878	3.19616	7	7
1152	15.553	52.865	3.19316	7	7
1153	14.465	53.451	3.23787	7	7
1154	14.462	54.087	3.28056	7	7
1155	14.43	54.748	3.32462	7	7
1156	9.759	55.405	3.43933	7	7
1157	9.569	55.964	3.48072	7	7
1158	29.111	18.702	1.11329	7	7
1159	29.052	23.043	1.37209	7	7
1160	28.698	27.247	1.62293	7	7
1161	28.223	31.043	1.84967	7	7
1162	7.502	56.62	3.59283	7.4003	7.40029
1163	7.9	56.914	3.59158	7	7
1164	17.41	47.877	2.86112	7	7
1165	18.178	47.932	2.86607	7	7
1166	17.35	48.651	2.91158	7	7
1167	17.29	49.374	2.9589	7	7
1168	17.221	50.06	3.00394	7	7
1169	17.153	50.725	3.04768	7	7
1170	17.084	51.379	3.09074	7	7
1171	16.326	51.947	3.12964	7	7
1172	17.015	52.033	3.13379	7	7
1173	7.162	56.986	3.62559	7.4003	7.40029
1174	6.429	57.662	3.30208	7.40029	7.40029
1175	6.04	57.973	3.4024	7.40029	7.40029
1176	5.635	58.264	3.35423	7.40029	7.40029
1177	5.216	58.535	3.42317	7.40029	7.40029
1178	6.805	57.334	3.65674	7.4003	7.40029
1179	6.431	57.664	3.68638	7.4003	7.40029
1180	33.478	14.027	0.836036	7	7
1181	33.412	18.388	1.09624	7	7
1182	2.468	59.693	3.33488	7.40029	7.40029
1183	2.948	59.558	3.32604	7.40029	7.40029
1184	3.421	59.399	3.34931	7.40029	7.40029
1185	19.889	44.014	2.62153	7	7
1186	19.869	45.038	2.68556	7	7
1187	37.245	13.841	0.825688	7	7
1188	40.4	10.626	0.634164	7	7
1189	39.95	13.886	0.828793	7	7
1190	43.307	8.537	0.509582	7	7.00431
1191	50	9.091	0.542803	7	7.01037
1192	4.784	58.784	3.33013	7.40029	7.40029
1193	4.34	59.012	3.40511	7.40029	7.40029
1194	3.885	59.217	3.41489	7.40029	7.40029
1195	10.359	55.581	3.4361	7	7
1196	11.004	55.697	3.4302	7	7
1197	11.64	55.803	3.42593	7	7
1198	12.277	55.902	3.42287	7	7
1199	8.755	56.533	3.54035	7	7
1200	8.579	56.806	3.5616	7	7
1201	9.025	56.65	3.53867	7	7
1202	9.281	56.465	3.51992	7	7
1203	8.295	57.204	3.59277	7	7
1204	22.741	33.196	1.97113	7	7
1205	24.721	33.144	1.97129	7	7
1206	22.569	34.711	2.06159	7	7
1207	21.498	36.134	2.14464	7	7
1208	22.581	36.217	2.15206	7	7
1209	21.226	37.466	2.22422	7	7
1210	21.132	38.955	2.31408	7	7
1211	21.091	40.411	2.40259	7	7
1212	21.076	41.721	2.48279	7	7
1213	21.067	42.924	2.55689	7	7
1214	21.017	44.05	2.62655	7	7
1215	19.271	45.832	2.73415	7	7
1216	19.961	45.799	2.73359	7	7
1217	19.161	46.451	2.77315	7	7
1218	19.04	47.215	2.82154	7	7
1219	18.969	48.005	2.87194	7	7
1220	0	60.005	3.88662	7.40029	7.40029
1221	0.499	59.993	3.89049	7.40029	7.40029
1222	0.996	59.955	3.88983	7.4003	7.40029
1223	1.491	59.893	3.88543	7.4003	7.40029
1224	1.982	59.807	3.87796	7.4003	7.40029
1225	2.469	59.696	3.8682	7.4003	7.40029
1226	26.996	33.895	2.01948	7	7
1227	24.114	34.793	2.0693	7	7
1228	25.701	35.009	2.08476	7	7
1229	14.387	55.433	3.3698	7	7
1230	12.935	55.991	3.42027	7	7
1231	13.624	56.067	3.41773	7	7
1232	14.342	56.135	3.41549	7	7
1233	16.213	52.589	3.17246	7	7
1234	15.172	53.429	3.23244	7	7
1235	15.94	53.267	3.21821	7	7
1236	15.189	54.088	3.27606	7	7
1237	15.169	54.782	3.32174	7	7
1238	15.125	55.483	3.36754	7	7
1239	9.794	56.598	3.51417	7	7
1240	10.188	56.303	3.48635	7	7
1241	33.124	22.933	1.36761	7	7
1242	37.408	18.043	1.07677	7	7
1243	36.992	22.7	1.35512	7	7
1244	33.6	27.413	1.63603	7	7
1245	29.701	34.14	2.03708	7	7
1246	31.845	32.221	1.92339	7	7
1247	7.534	57.3	3.62499	7	7
1248	7.94	57.648	3.62759	7	7
1249	18.111	48.704	2.91592	7	7
1250	18.883	48.769	2.92085	7	7
1251	18.029	49.429	2.9629	7	7
1252	17.946	50.117	3.00761	7	7
1253	17.864	50.785	3.0511	7	7
1254	17.791	51.443	3.09398	7	7
1255	17.719	52.104	3.13705	7	7
1256	16.92	52.694	3.1773	7	7
1257	17.661	52.772	3.18048	7	7
1258	7.158	57.691	3.65756	7	7
1259	6.041	57.975	3.71422	7.4003	7.40029
1260	5.636	58.267	3.74002	7.4003	7.40029
1261	5.217	58.537	3.76441	7.4003	7.40029
1262	4.785	58.787	3.78689	7.4003	7.40029
1263	6.756	58.038	3.68765	7	7
1264	6.375	58.374	3.715	7	7
1265	2.949	59.561	3.85597	7.4003	7.40029
1266	3.422	59.402	3.84162	7.4003	7.40029
1267	3.886	59.219	3.82532	7.4003	7.40029
1268	4.341	59.014	3.80725	7.4003	7.40029
1269	20.949	45.061	2.68938	7	7
1270	20.747	45.83	2.73706	7	7
1271	42.219	17.09	1.02052	7	7
1272	50	18.182	1.08629	7	7
1273	10.924	56.395	3.47666	7	7
1274	11.569	56.497	3.47176	7	7
1275	12.215	56.6	3.46857	7	7
1276	12.88	56.694	3.46596	7	7
1277	8.933	56.971	3.55992	7	7
1278	9.367	56.999	3.54929	7	7
1279	9.81	57.047	3.54082	7	7
1280	24.125	36.277	2.15865	7	7
1281	22.56	37.645	2.23817	7	7
1282	24.032	37.793	2.25004	7	7
1283	22.487	39.129	2.32793	7	7
1284	22.433	40.502	2.4114	7	7
1285	22.363	41.785	2.48973	7	7
1286	22.308	42.978	2.56294	7	7
1287	22.239	44.133	2.63413	7	7
1288	19.892	46.52	2.77895	7	7
1289	20.713	46.549	2.78215	7	7
1290	19.842	47.287	2.82743	7	7
1291	19.767	48.072	2.87718	7	7
1292	19.686	48.842	2.92614	7	7
1293	1.408	60.557	3.89111	7	7
1294	1.704	60.356	3.88559	7	7
1295	2.116	60.205	3.87858	7	7
1296	2.558	60.088	3.86989	7	7
1297	3.04	60.044	3.85953	7	7
1298	25.671	36.33	2.16433	7	7
1299	27.565	36.114	2.15375	7	7
1300	29.65	36.195	2.16084	7	7
1301	22.087	45.362	2.71012	7	7
1302	0	62.005	3.92578	7	7
1303	8.786	57.53	3.59531	7	7
1304	8.361	57.99	3.63205	7	7
1305	1.545	61.385	3.90266	7	7
1306	21.465	45.899	2.74259	7	7
1307	1.818	60.764	3.88979	7	7
1308	2.233	60.587	3.88179	7	7
1309	2.611	60.427	3.87365	7	7
1310	15.084	56.198	3.41371	7	7
1311	13.577	56.777	3.46354	7	7
1312	14.307	56.851	3.46135	7	7
1313	15.047	56.913	3.45932	7	7
1314	16.813	53.387	3.22283	7	7
1315	15.962	54.074	3.27111	7	7
1316	16.763	54.113	3.27013	7	7
1317	15.931	54.806	3.31887	7	7
1318	15.885	55.536	3.36615	7	7
1319	15.83	56.26	3.41267	7	7
1320	10.31	57.038	3.52907	7	7
1321	10.889	57.111	3.52199	7	7
1322	36.221	31.93	1.90837	7	7
1323	39.909	27.263	1.62932	7	7
1324	50	27.273	1.63122	7	7
1325	7.54	58.073	3.66128	7	7
1326	18.791	49.493	2.96736	7	7
1327	19.57	49.582	2.9733	7	7
1328	18.685	50.18	3.0116	7	7
1329	18.592	50.844	3.05445	7	7
1330	18.507	51.507	3.09728	7	7
1331	18.444	52.17	3.14007	7	7
1332	18.389	52.831	3.18266	7	7
1333	17.599	53.45	3.22444	7	7
1334	18.37	53.497	3.22539	7	7
1335	7.082	58.431	3.69253	7	7
1336	6.679	58.684	3.71624	7	7
1337	6.413	58.866	3.73207	7	7
1338	6.049	58.799	3.74148	7	7
1339	5.496	59.044	3.76822	7	7
1340	5.002	59.259	3.79048	7	7
1341	4.556	59.447	3.80903	7	7
1342	3.594	59.902	3.84438	7	7
1343	4.141	59.721	3.82668	7	7
1344	21.506	46.546	2.78311	7	7
1345	11.513	57.214	3.51755	7	7
1346	12.153	57.321	3.51466	7	7
1347	12.826	57.421	3.51224	7	7
1348	13.537	57.509	3.5099	7	7
1349	9.302	57.539	3.58196	7	7
1350	9.793	57.621	3.57491	7	7
1351	10.263	57.718	3.57058	7	7
1352	25.721	37.879	2.25797	7	7
1353	23.984	39.25	2.33826	7	7
1354	25.577	39.417	2.35098	7	7
1355	23.853	40.638	2.42249	7	7
1356	23.718	41.855	2.49659	7	7
1357	23.604	43.01	2.56722	7	7
1358	23.538	44.155	2.63758	7	7
1359	23.476	45.286	2.70733	7	7
1360	20.657	47.329	2.83119	7	7
1361	21.525	47.341	2.83294	7	7
1362	20.607	48.132	2.88182	7	7
1363	20.516	48.946	2.93324	7	7
1364	20.376	49.715	2.98194	7	7
1365	27.432	37.916	2.26244	7	7
1366	29.359	38.054	2.27278	7	7
1367	30.798	38.193	2.2824	7	7
1368	32.498	36.552	2.18454	7	7
1369	36.327	36.248	2.16832	7	7
1370	22.392	46.388	2.77437	7	7
1371	23.502	46.368	2.77433	7	7
1372	8.925	57.948	3.61432	7	7
1373	9.267	58.085	3.61339	7	7
1374	8.717	58.296	3.63814	7	7
1375	8.449	58.553	3.65841	7	7
1376	8.015	58.587	3.67157	7	7
1377	2.399	60.967	3.88713	7	7
1378	3.026	60.618	3.87011	7	7
1379	3.78	60.493	3.8531	7	7
1380	2.779	61.326	3.89027	7	7
1381	2.645	61.799	3.90529	7	7
1382	2.808	62.691	3.93219	7	7
1383	0	64.004	3.99204	7	7
1384	2.081	63.574	3.9676	7	7
1385	15.779	56.983	3.45867	7	7
1386	14.279	57.583	3.50752	7	7
1387	15.033	57.643	3.50516	7	7
1388	15.762	57.649	3.50045	7	7
1389	17.569	54.162	3.27032	7	7
1390	16.72	54.853	3.31802	7	7
1391	17.524	54.894	3.3173	7	7
1392	16.66	55.592	3.36558	7	7
1393	16.579	56.349	3.41402	7	7
1394	16.473	57.057	3.45914	7	7
1395	10.837	57.837	3.56677	7	7
1396	11.441	57.953	3.56371	7	7
1397	7.364	58.883	3.70377	7	7
1398	6.873	59.056	3.72544	7	7
1399	6.539	59.118	3.73792	7	7
1400	19.432	50.247	3.0158	7	7
1401	20.142	50.348	3.02211	7	7
1402	19.321	50.908	3.05812	7	7
1403	19.237	51.568	3.10042	7	7
1404	19.16	52.237	3.14328	7	7
1405	19.113	52.892	3.18516	7	7
1406	19.09	53.507	3.22437	7	7
1407	18.375	54.18	3.26896	7	7
1408	19.215	54.156	3.26522	7	7
1409	4.75	59.833	3.81321	7	7
1410	5.183	59.744	3.79869	7	7
1411	5.723	59.6	3.77901	7	7
1412	6.341	59.416	3.75488	7	7
1413	4.511	60.288	3.8314	7	7
1414	22.439	47.33	2.83314	7	7
1415	12.09	58.069	3.56136	7	7
1416	12.774	58.174	3.55921	7	7
1417	13.501	58.27	3.55724	7	7
1418	14.261	58.35	3.55511	7	7
1419	9.685	58.19	3.60972	7	7
1420	10.143	58.426	3.61389	7	7
1421	10.725	58.582	3.61242	7	7
1422	27.367	39.61	2.36497	7	7
1423	25.428	40.833	2.43686	7	7
1424	25.023	41.963	2.5052	7	7
1425	24.964	43.031	2.57047	7	7
1426	24.85	44.153	2.63917	7	7
1427	24.797	45.306	2.71003	7	7
1428	24.719	46.412	2.77814	7	7
1429	21.479	48.195	2.8865	7	7
1430	22.417	48.228	2.88919	7	7
1431	21.403	49.065	2.94115	7	7
1432	20.715	50.443	3.02801	7	7
1433	21.249	50.039	3.00247	7	7
1434	29.033	39.727	2.37378	7	7
1435	27.067	41.307	2.46776	7	7
1436	30.857	40.092	2.39734	7	7
1437	33.017	39.644	2.3716	7	7
1438	36.049	39.575	2.36883	7	7
1439	38.442	39.707	2.37763	7	7
1440	41.202	37.043	2.21754	7	7
1441	50	36.364	2.17758	7	7
1442	23.482	47.353	2.83542	7	7
1443	24.591	47.467	2.84322	7	7
1444	9.047	58.634	3.64826	7	7
1445	9.546	58.687	3.64023	7	7
1446	8.623	58.865	3.67026	7	7
1447	3.306	61.228	3.88016	7	7
1448	3.926	61.126	3.86739	7	7
1449	3.413	61.842	3.89692	7	7
1450	4.635	61.153	3.85571	7	7
1451	3.73	62.645	3.92082	7	7
1452	7.506	59.533	3.72942	7	7
1453	8.298	59.308	3.69995	7	7
1454	0	66.004	4.07459	7	7
1455	2.005	65.885	4.06548	7	7
1456	4.039	63.947	3.97024	7	7
1457	3.951	65.914	4.05981	7	7
1458	16.343	57.646	3.49669	7	7
1459	6.916	59.481	3.74192	7	7
1460	28.842	41.239	2.46535	7	7
1461	26.192	42.086	2.51421	7	7
1462	4.005	61.703	3.88439	7	7
1463	4.6	62.104	3.89046	7	7
1464	4.836	63.061	3.92578	7	7
1465	15.068	58.392	3.55126	7	7
1466	15.868	58.356	3.54354	7	7
1467	18.355	54.934	3.31692	7	7
1468	17.455	55.666	3.36665	7	7
1469	18.294	55.718	3.36667	7	7
1470	17.352	56.452	3.41671	7	7
1471	17.163	57.29	3.47011	7	7
1472	16.796	58.152	3.52553	7	7
1473	11.362	58.722	3.61057	7	7
1474	12.022	58.843	3.60868	7	7
1475	20.043	50.96	3.06104	7	7
1476	20.728	51.003	3.06342	7	7
1477	19.961	51.634	3.10394	7	7
1478	19.885	52.315	3.14727	7	7
1479	19.781	52.967	3.18878	7	7
1480	19.683	53.492	3.22222	7	7
1481	19.218	54.937	3.31455	7	7
1482	5.256	60.32	3.81518	7	7
1483	5.889	60.198	3.79605	7	7
1484	6.471	60.038	3.77598	7	7
1485	6.939	59.974	3.76235	7	7
1486	5.453	61.054	3.83705	7	7
1487	23.399	48.294	2.89385	7	7
1488	12.723	58.958	3.60717	7	7
1489	13.46	59.059	3.60559	7	7
1490	14.265	59.158	3.60438	7	7
1491	15.087	59.238	3.60293	7	7
1492	26.244	43.002	2.57023	7	7
1493	26.266	44.143	2.64005	7	7
1494	26.135	45.342	2.71344	7	7
1495	26.023	46.565	2.78849	7	7
1496	25.775	47.678	2.85687	7	7
1497	22.352	49.133	2.94575	7	7
1498	23.327	49.194	2.94982	7	7
1499	22.3	50.033	3.00207	7	7
1500	21.451	50.902	3.05676	7	7
1501	22.325	50.916	3.05733	7	7
1502	27.852	42.756	2.55678	7	7
1503	38.497	42.625	2.55392	7	7
1504	35.94	42.521	2.54691	7	7
1505	33.223	42.546	2.54741	7	7
1506	30.013	42.63	2.55078	7	7
1507	24.434	48.389	2.9002	7	7
1508	25.44	48.551	2.91055	7	7
1509	9.076	59.367	3.68633	7	7
1510	9.824	59.187	3.66237	7	7
1511	10.586	59.387	3.66063	7	7
1512	11.266	59.514	3.65796	7	7
1513	50	45.455	2.72566	7	7
1514	0	68.004	4.16984	7	7
1515	2.061	67.918	4.16315	7	7
1516	4.054	67.853	4.155	7	7
1517	20.137	53.968	3.25136	7	7
1518	20.141	54.927	3.31162	7	7
1519	40.869	45.56	2.73158	7	7
1520	5.834	61.91	3.86476	7	7
1521	5.845	63.148	3.91828	7	7
1522	5.679	64.361	3.9756	7	7
1523	5.69	66.002	4.05522	7	7
1524	5.724	67.569	4.13465	7	7
1525	7.392	60.278	3.76579	7	7
1526	8.264	60.378	3.75352	7	7
1527	9.034	60.174	3.72931	7	7
1528	6.075	60.788	3.81489	7	7
1529	6.714	60.632	3.79553	7	7
1530	6.266	61.354	3.8347	7	7
1531	27.608	44.076	2.6371	7	7
1532	29.032	44.05	2.63651	7	7
1533	6.874	61.219	3.81798	7	7
1534	7.519	61.07	3.79993	7	7
1535	15.905	59.139	3.59139	7	7
1536	16.728	59.155	3.58766	7	7
1537	19.167	55.771	3.36712	7	7
1538	18.186	56.559	3.4199	7	7
1539	19.072	56.627	3.42094	7	7
1540	18.035	57.42	3.47423	7	7
1541	17.82	58.344	3.53238	7	7
1542	17.688	59.266	3.58966	7	7
1543	11.952	59.642	3.65659	7	7
1544	12.665	59.761	3.65556	7	7
1545	20.7	51.682	3.10636	7	7
1546	20.617	52.416	3.15278	7	7
1547	20.476	53.167	3.20033	7	7
1548	21.474	51.711	3.10761	7	7
1549	20.076	55.805	3.36669	7	7
1550	24.314	49.284	2.95561	7	7
1551	13.44	59.869	3.65434	7	7
1552	14.227	59.981	3.65425	7	7
1553	15.881	59.793	3.63143	7	7
1554	15.247	60.227	3.66169	7	7
1555	27.631	45.411	2.71873	7	7
1556	27.396	46.788	2.80293	7	7
1557	26.25	48.72	2.92118	7	7
1558	27.058	48.21	2.89005	7	7
1559	23.266	50.09	3.00561	7	7
1560	24.236	50.166	3.01029	7	7
1561	23.24	50.967	3.06023	7	7
1562	22.324	51.75	3.1095	7	7
1563	23.203	51.825	3.11367	7	7
1564	36.575	45.518	2.72849	7	7
1565	33.363	45.263	2.71226	7	7
1566	30.936	45.257	2.71103	7	7
1567	29.062	45.423	2.72029	7	7
1568	25.303	49.378	2.96158	7	7
1569	26.259	49.473	2.96755	7	7
1570	9.768	60.177	3.71727	7	7
1571	10.49	60.219	3.70871	7	7
1572	11.182	60.327	3.70549	7	7
1573	11.88	60.44	3.70368	7	7
1574	5.806	68.831	4.20055	7	7
1575	38.449	48.559	2.91277	7	7
1576	38.572	51.437	3.08699	7	7
1577	7.011	61.988	3.85089	7	7
1578	7.08	63.089	3.90167	7	7
1579	7.14	64.437	3.96699	7	7
1580	8.999	60.941	3.76972	7	7
1581	8.277	61.478	3.80753	7	7
1582	9.679	60.965	3.76089	7	7
1583	50	54.545	3.27435	7	7
1584	0	70.004	4.27215	7	7
1585	2.19	69.951	4.26774	7	7
1586	4.666	69.792	4.25464	7	7
1587	21.326	53.288	3.20674	7	7
1588	21.192	54.116	3.25877	7	7
1589	21.097	54.984	3.31315	7	7
1590	21.021	55.865	3.36817	7	7
1591	40.945	54.301	3.26003	7	7
1592	35.717	48.679	2.91989	7	7
1593	7.534	65.921	4.03976	7	7
1594	7.304	67.616	4.13021	7	7
1595	7.211	68.96	4.20263	7	7
1596	21.432	52.495	3.15688	7	7
1597	16.62	59.969	3.63789	7	7
1598	17.523	60.137	3.64357	7	7
1599	19.988	56.698	3.42254	7	7
1600	18.94	57.534	3.47778	7	7
1601	19.874	57.617	3.47982	7	7
1602	18.789	58.457	3.53536	7	7
1603	18.641	59.387	3.59302	7	7
1604	18.504	60.281	3.6481	7	7
1605	12.609	60.572	3.70371	7	7
1606	13.391	60.655	3.70136	7	7
1607	14.113	60.668	3.69622	7	7
1608	22.28	52.571	3.16084	7	7
1609	20.929	56.765	3.42421	7	7
1610	25.246	50.257	3.01588	7	7
1611	16.274	60.73	3.68576	7	7
1612	29.018	47.072	2.82099	7	7
1613	28.492	48.393	2.90161	7	7
1614	27.16	49.43	2.965	7	7
1615	26.197	50.324	3.01996	7	7
1616	27.081	50.38	3.02336	7	7
1617	28.323	49.769	2.98584	7	7
1618	24.194	51.051	3.06518	7	7
1619	25.176	51.157	3.07149	7	7
1620	24.1	51.941	3.1204	7	7
1621	23.146	52.665	3.16597	7	7
1622	23.987	52.81	3.17433	7	7
1623	33.261	47.853	2.86953	7	7
1624	30.724	47.685	2.85886	7	7
1625	10.396	61.039	3.7552	7	7
1626	11.117	61.089	3.74923	7	7
1627	11.782	61.191	3.7477	7	7
1628	12.516	61.407	3.75301	7	7
1629	6.851	70.347	4.27923	7	7
1630	36.396	51.529	3.09268	7	7
1631	36.816	54.207	3.25483	7	7
1632	8.344	62.967	3.88153	7	7
1633	8.364	64.154	3.94222	7	7
1634	8.417	65.185	3.99561	7	7
1635	9.494	61.831	3.80911	7	7
1636	10.354	61.749	3.79454	7	7
1637	22.225	53.383	3.21156	7	7
1638	22.155	54.206	3.26292	7	7
1639	22.055	55.054	3.31579	7	7
1640	21.964	55.923	3.36984	7	7
1641	21.894	56.832	3.42618	7	7
1642	38.424	57.177	3.43414	7	7
1643	38.449	60.054	3.60796	7	7
1644	34.355	50.076	3.0046	7	7
1645	32.783	49.801	2.98788	7	7
1646	34.376	51.754	3.10646	7	7
1647	14.669	61.343	3.73223	7	7
1648	16.022	61.712	3.74598	7	7
1649	9.76	62.91	3.86354	7	7
1650	50	63.636	3.82241	7	7
1651	41.131	62.795	3.77271	7	7
1652	0	72.003	4.3788	7	7
1653	2.179	71.99	4.37687	7	7
1654	4.426	72.014	4.37552	7	7
1655	6.727	72.151	4.37916	7	7
1656	9.445	65.334	3.99626	7	7
1657	9.08	66.484	4.06046	7	7
1658	8.904	67.78	4.13177	7	7
1659	8.799	69.043	4.20143	7	7
1660	9.004	70.341	4.27285	7	7
1661	35.634	57.236	3.43848	7	7
1662	13.505	61.485	3.74911	7	7
1663	23.091	53.465	3.21573	7	7
1664	29.716	48.648	2.91741	7	7
1665	29.623	49.886	2.99303	7	7
1666	23.817	53.552	3.22043	7	7
1667	31.128	49.718	2.98282	7	7
1668	11.046	61.791	3.78926	7	7
1669	11.685	61.78	3.78214	7	7
1670	9.566	64.231	3.93612	7	7
1671	10.382	62.404	3.83004	7	7
1672	17.371	60.997	3.69634	7	7
1673	18.39	61.097	3.69805	7	7
1674	20.834	57.702	3.48234	7	7
1675	19.745	58.565	3.53866	7	7
1676	20.719	58.678	3.54268	7	7
1677	19.598	59.52	3.59768	7	7
1678	19.428	60.398	3.65179	7	7
1679	19.231	61.132	3.69705	7	7
1680	21.816	57.785	3.48507	7	7
1681	26.334	51.262	3.07769	7	7
1682	17.213	61.934	3.75342	7	7
1683	25.071	52.098	3.12965	7	7
1684	26.044	52.217	3.13656	7	7
1685	24.828	53.136	3.19388	7	7
1686	9.049	72.149	4.37411	7	7
1687	34.164	53.884	3.23577	7	7
1688	11.159	62.451	3.82488	7	7
1689	12.166	62.326	3.80868	7	7
1690	13.415	62.505	3.80913	7	7
1691	23.151	54.291	3.26689	7	7
1692	22.958	55.112	3.318	7	7
1693	22.902	55.962	3.37062	7	7
1694	22.862	56.888	3.42777	7	7
1695	22.825	57.86	3.48757	7	7
1696	36.117	60.14	3.61393	7	7
1697	32.696	51.627	3.09893	7	7
1698	31.038	51.511	3.09209	7	7
1699	27.684	51.369	3.08397	7	7
1700	29.523	51.484	3.09067	7	7
1701	32.484	53.365	3.20465	7	7
1702	14.631	62.588	3.80596	7	7
1703	15.829	62.807	3.81214	7	7
1704	17.069	63.039	3.8201	7	7
1705	10.941	63.314	3.87456	7	7
1706	10.83	64.387	3.93476	7	7
1707	10.682	65.561	4.00059	7	7
1708	10.503	66.737	4.06666	7	7
1709	10.305	67.95	4.13494	7	7
1710	10.154	68.943	4.1909	7	7
1711	34.133	58.419	3.51063	7	7
1712	34.07	60.026	3.60787	7	7
1713	24.347	54.393	3.27188	7	7
1714	33.114	56.026	3.36605	7	7
1715	32.51	58.097	3.49191	7	7
1716	35.886	63.292	3.80414	7	7
1717	36.075	67.896	4.08124	7	7
1718	50	72.727	4.36877	7	7
1719	0	74.003	4.48851	7	7
1720	2.135	74.017	4.48851	7	7
1721	4.349	74.037	4.48781	7	7
1722	6.618	74.101	4.48859	7	7
1723	8.965	74.117	4.48583	7	7
1724	39.886	72.647	4.36529	7	7
1725	11.254	69.75	4.23256	7	7
1726	11.535	71.977	4.35853	7	7
1727	26.972	52.289	3.14062	7	7
1728	32.111	54.782	3.2909	7	7
1729	23.71	55.146	3.31907	7	7
1730	34.134	61.68	3.70778	7	7
1731	18.474	62.022	3.7535	7	7
1732	21.738	58.776	3.54607	7	7
1733	20.584	59.665	3.60348	7	7
1734	21.626	59.805	3.60924	7	7
1735	20.343	60.704	3.66748	7	7
1736	19.86	61.801	3.7354	7	7
1737	22.763	58.874	3.54981	7	7
1738	18.383	63.181	3.82339	7	7
1739	25.949	53.28	3.20203	7	7
1740	26.966	53.309	3.20323	7	7
1741	25.758	54.495	3.27686	7	7
1742	11.382	74.073	4.47909	7	7
1743	12.153	63.437	3.87184	7	7
1744	13.361	63.577	3.87149	7	7
1745	14.542	63.707	3.87197	7	7
1746	23.796	55.946	3.36828	7	7
1747	23.84	56.903	3.42708	7	7
1748	23.852	57.926	3.48979	7	7
1749	23.824	58.976	3.55403	7	7
1750	30.974	53.235	3.19715	7	7
1751	29.484	53.143	3.19201	7	7
1752	28.112	53.125	3.19144	7	7
1753	30.872	54.749	3.28937	7	7
1754	15.669	63.864	3.87533	7	7
1755	16.772	64.257	3.89368	7	7
1756	18.186	64.479	3.90154	7	7
1757	12.068	64.555	3.93562	7	7
1758	11.992	65.721	4.00186	7	7
1759	11.842	66.957	4.07235	7	7
1760	11.602	68.24	4.14587	7	7
1761	32.338	59.848	3.59805	7	7
1762	32.168	61.74	3.71256	7	7
1763	24.705	55.739	3.3544	7	7
1764	25.818	55.745	3.35355	7	7
1765	30.985	56.294	3.38327	7	7
1766	30.767	57.921	3.48223	7	7
1767	30.454	59.625	3.5858	7	7
1768	32.651	64.1	3.85465	7	7
1769	36.988	77.268	4.64297	7	7
1770	12.912	68.192	4.13801	7	7
1771	50	81.818	4.91371	7	7
1772	0	76.003	4.60046	7	7
1773	2.123	76.019	4.60081	7	7
1774	4.301	76.045	4.60099	7	7
1775	6.564	76.078	4.6008	7	7
1776	8.897	76.114	4.60014	7	7
1777	11.197	76.148	4.59909	7	7
1778	31.921	67.68	4.07058	7	7
1779	33.571	72.516	4.35973	7	7
1780	33.136	77.036	4.63054	7	7
1781	42.217	82.896	4.97865	7	7
1782	37.409	81.943	4.92239	7	7
1783	13.801	69.266	4.19669	7	7
1784	14.525	71.778	4.34003	7	7
1785	13.681	74.171	4.48076	7	7
1786	19.803	63.251	3.82292	7	7
1787	22.709	59.897	3.61236	7	7
1788	21.523	60.844	3.67274	7	7
1789	22.639	60.919	3.67468	7	7
1790	23.713	60.02	3.61786	7	7
1791	21.363	62.022	3.74449	7	7
1792	21.318	63.355	3.82501	7	7
1793	19.67	64.637	3.90631	7	7
1794	26.955	54.578	3.28105	7	7
1795	28.093	54.63	3.2835	7	7
1796	29.457	54.732	3.28898	7	7
1797	26.856	55.796	3.3557	7	7
1798	29.36	56.212	3.37922	7	7
1799	13.445	76.212	4.59974	7	7
1800	13.323	64.682	3.93527	7	7
1801	14.506	64.747	3.93273	7	7
1802	15.454	64.763	3.92914	7	7
1803	13.299	65.846	4.00215	7	7
1804	13.139	67.116	4.07557	7	7
1805	14.462	67.392	4.08625	7	7
1806	24.846	56.877	3.42406	7	7
1807	25.878	56.821	3.41939	7	7
1808	26.748	56.766	3.41511	7	7
1809	24.936	57.946	3.48936	7	7
1810	24.93	59.106	3.56017	7	7
1811	24.81	60.316	3.634	7	7
1812	16.186	65.616	3.97608	7	7
1813	17.887	65.907	3.98722	7	7
1814	19.474	66.08	3.99287	7	7
1815	29.125	57.771	3.47426	7	7
1816	28.972	59.205	3.56151	7	7
1817	28.82	60.375	3.63263	7	7
1818	29.927	61.442	3.69622	7	7
1819	30.135	63.703	3.8326	7	7
1820	30.145	65.702	3.95304	7	7
1821	33.412	81.601	4.9031	7	7
1822	39.95	86.108	5.17085	7	7
1823	37.246	86.157	5.17419	7	7
1824	40.401	89.373	5.36578	7	7
1825	33.48	85.971	5.16384	7	7
1826	16.059	67.388	4.08036	7	7
1827	15.959	68.97	4.1731	7	7
1828	16.062	70.505	4.26253	7	7
1829	15.492	74.536	4.49903	7	7
1830	15.404	76.362	4.60585	7	7
1831	50	90.909	5.4572	7.01536	7
1832	43.307	91.46	5.49024	7.00636	7
1833	0	78.003	4.71397	7	7
1834	2.12	78.022	4.71464	7	7
1835	4.296	78.046	4.71506	7	7
1836	6.557	78.087	4.71586	7	7
1837	8.841	78.135	4.71663	7	7
1838	11.124	78.238	4.72032	7	7
1839	13.265	78.334	4.72364	7	7
1840	28.643	72.653	4.37115	7	7
1841	29.02	76.93	4.62633	7	7
1842	29.121	81.302	4.88694	7	7
1843	28.011	65.771	3.95931	7	7
1844	27.806	68.418	4.11839	7	7
1845	17.217	73.334	4.42565	7	7
1846	17.905	70.594	4.26356	7	7
1847	23.599	60.876	3.67012	7	7
1848	27.955	56.092	3.37289	7	7
1849	27.485	57.522	3.46051	7	7
1850	15.147	78.252	4.71681	7	7
1851	14.616	65.92	4.00032	7	7
1852	26.124	57.895	3.48471	7	7
1853	26.194	59.134	3.56014	7	7
1854	26.186	60.458	3.64063	7	7
1855	17.751	67.411	4.07649	7	7
1856	19.278	67.54	4.08005	7	7
1857	27.561	59.111	3.55717	7	7
1858	27.618	60.436	3.63756	7	7
1859	27.934	61.864	3.72368	7	7
1860	28.122	63.706	3.83475	7	7
1861	17.635	68.973	4.16882	7	7
1862	50	100	6	1.60351	26.7796
1863	45	100	6	1.60351	26.7796
1864	24.571	72.922	4.39105	7	7
1865	20.806	73.149	4.40922	7	7
1866	19.168	68.756	4.15232	7	7
1867	21.19	64.815	3.913	7	7
1868	22.827	62.007	3.74019	7	7
1869	24.347	61.717	3.71975	7	7
1870	26.185	61.887	3.72721	7	7
1871	22.822	63.455	3.82764	7	7
1872	22.784	64.966	3.9186	7	7
1873	26.214	63.596	3.83044	7	7
1874	26.219	65.334	3.93513	7	7
1875	26.061	66.888	4.02871	7	7
1876	21.036	66.307	4.00258	7	7
1877	20.83	67.873	4.09637	7	7
1878	23.898	69.172	4.16834	7	7
1879	24.281	66.922	4.03332	7	7
1880	20.491	69.913	4.2181	7	7
1881	29.3	85.776	5.15337	7	7
1882	37.649	90.022	5.40482	7	7
1883	33.841	90.401	5.42793	7	7
1884	38.902	94.197	5.65383	7.0143	7
1885	40	100	6	1.60351	26.7796
1886	29.503	90.351	5.4257	7	7
1887	17.578	76.581	4.61598	7	7
1888	24.807	76.851	4.62461	7	7
1889	20.965	76.767	4.62316	7	7
1890	24.901	81.032	4.87306	7	7
1891	24.924	85.503	5.13868	7	7
1892	16.615	80.179	4.8286	7	7
1893	13.302	80.819	4.86898	7	7
1894	11.012	80.365	4.84423	7	7
1895	8.858	80.198	4.83615	7	7
1896	6.58	80.102	4.83211	7	7
1897	4.332	80.056	4.83063	7	7
1898	0	80.002	4.82857	7	7
1899	2.135	80.026	4.82964	7	7
1900	22.634	66.506	4.01117	7	7
1901	24.473	63.462	3.82501	7	7
1902	24.413	65.175	3.92825	7	7
1903	22.465	67.844	4.09144	7	7
1904	20.751	80.732	4.85798	7	7
1905	24.918	90.171	5.416	7	7
1906	34.422	94.926	5.6976	7.01588	7
1907	35	100	6	1.60351	26.7796
1908	29.737	95.091	5.70782	7.01573	7
1909	24.914	94.997	5.70273	7.01522	7
1910	20.558	85.182	5.12154	7	7
1911	20.309	89.844	5.39781	7	7
1912	16.294	84.767	5.09912	7	7
1913	10.719	82.337	4.9596	7	7
1914	8.876	82.211	4.95332	7	7
1915	6.675	82.118	4.94906	7	7
1916	4.383	82.064	4.94685	7	7
1917	2.167	82.028	4.94534	7	7
1918	0	82.002	4.94408	7	7
1919	12.064	84.477	5.08425	7	7
1920	30	100	6	1.60351	26.7796
1921	25	100	6	1.60351	26.7796
1922	19.891	94.799	5.6916	7.0143	7
1923	20	100	6	1.60351	26.7796
1924	15.751	89.404	5.37312	7	7
1925	9.23	84.204	5.06965	7	7
1926	6.785	84.12	5.06573	7	7
1927	4.459	84.059	5.0629	7	7
1928	2.193	84.027	5.06149	7	7
1929	0	84.002	5.06023	7	7
1930	10.615	86.002	5.17451	7	7
1931	8.94	86.073	5.17927	7	7
1932	10.59	87.55	5.26547	7	7
1933	12.001	88.519	5.32201	7	7
1934	14.33	94.225	5.65838	7.01015	7
1935	15	100	6	1.60351	26.7796
1936	11.895	91.749	5.5125	7	7
1937	6.775	86.039	5.17797	7	7
1938	4.47	86.037	5.17842	7	7
1939	2.207	86.016	5.17755	7	7
1940	0	86.002	5.17688	7	7
1941	8.968	87.784	5.27971	7	7
1942	6.786	87.973	5.29137	7	7
1943	9.31	89.688	5.39162	7	7
1944	9.285	92.149	5.53658	7	7
1945	10	100	6	1.60351	26.7796
1946	8.854	95.4	5.72844	7.01423	7
1947	4.476	87.988	5.2927	7	7
1948	2.205	88	5.29368	7	7
1949	0	88.001	5.29385	7	7
1950	6.871	89.873	5.40299	7	7
1951	6.791	92.003	5.52836	7	7
1952	6.702	93.784	5.63329	7	7
1953	4.469	89.975	5.40935	7	7
1954	5	100	6	1.60351	26.7796
1955	4.274	94.069	5.65027	7	7
1956	4.063	96.578	5.7982	7.01967	7
1957	4.448	91.981	5.52731	7	7
1958	0	100	6	1.60351	26.7796
1959	0	98	5.8821	7.06537	7
1960	2.199	89.981	5.40991	7	7
1961	0	90.001	5.41117	7	7
1962	2.155	91.961	5.5263	7	7
1963	2.029	95.489	5.73404	7	7
1964	2.137	93.875	5.63896	7	7
1965	0	96.001	5.76424	7	7
1966	0	92.001	5.52871	7	7
1967	0	94.001	5.64642	7	7
