  x,     y,   camp
    0.19837E+02,    0.50201E+01,    0.19684E-13
    0.44470E+02,    0.13331E+02,    0.19896E-13
    0.37188E+02,    0.60498E+01,    0.19838E-13
    0.26926E+02,    0.11070E+02,    0.19788E-13
    0.19849E+02,    0.94981E+02,    0.19685E-13
    0.40482E+01,    0.35845E+01,    0.19507E-13
    0.28396E+01,    0.14634E+02,    0.19236E-13
    0.13292E+02,    0.98187E+01,    0.19590E-13
    0.68878E+01,    0.83832E+01,    0.19547E-13
    0.13749E+02,    0.18058E+02,    0.19385E-13
    0.40482E+01,    0.96415E+02,    0.19507E-13
    0.18754E+02,    0.77584E+02,    0.19618E-13
    0.44992E+02,    0.68742E+02,    0.20031E-13
    0.37195E+02,    0.93962E+02,    0.19839E-13
    0.44476E+02,    0.86681E+02,    0.19897E-13
    0.26944E+02,    0.88943E+02,    0.19789E-13
    0.25386E+02,    0.79785E+02,    0.19750E-13
    0.30629E+02,    0.73446E+02,    0.19945E-13
    0.39469E+02,    0.75323E+02,    0.19973E-13
    0.23106E+02,    0.47147E+02,    0.20783E-13
    0.20749E+02,    0.45189E+02,    0.21254E-13
    0.39460E+02,    0.24710E+02,    0.19973E-13
    0.13892E+02,    0.29639E+02,    0.19135E-13
    0.10285E+02,    0.27914E+02,    0.18843E-13
    0.20880E+01,    0.27128E+02,    0.17824E-13
    0.48415E+01,    0.18503E+02,    0.19128E-13
    0.20019E+01,    0.21902E+02,    0.18698E-13
    0.40899E+01,    0.24982E+02,    0.18563E-13
    0.85951E+01,    0.25025E+02,    0.18556E-13
    0.93467E+01,    0.20492E+02,    0.19255E-13
    0.18009E+02,    0.28460E+02,    0.19447E-13
    0.30602E+02,    0.26593E+02,    0.19945E-13
    0.25349E+02,    0.20235E+02,    0.19748E-13
    0.18717E+02,    0.22424E+02,    0.19617E-13
    0.13770E+02,    0.81943E+02,    0.19387E-13
    0.28432E+01,    0.85365E+02,    0.19236E-13
    0.13307E+02,    0.90181E+02,    0.19590E-13
    0.68914E+01,    0.91616E+02,    0.19547E-13
    0.18818E+02,    0.46449E+02,    0.21521E-13
    0.44990E+02,    0.31279E+02,    0.20031E-13
    0.46135E+02,    0.54051E+02,    0.20146E-13
    0.46135E+02,    0.45955E+02,    0.20146E-13
    0.41125E+02,    0.40667E+02,    0.20196E-13
    0.34527E+02,    0.57093E+02,    0.20173E-13
    0.41127E+02,    0.59360E+02,    0.20195E-13
    0.27599E+02,    0.32884E+02,    0.19967E-13
    0.21638E+02,    0.32561E+02,    0.19919E-13
    0.34527E+02,    0.42939E+02,    0.20174E-13
    0.25895E+02,    0.41775E+02,    0.20325E-13
    0.29859E+02,    0.38609E+02,    0.20309E-13
    0.26201E+02,    0.46102E+02,    0.20750E-13
    0.28576E+02,    0.50006E+02,    0.20414E-13
    0.32937E+02,    0.50008E+02,    0.20414E-13
    0.22385E+02,    0.49999E+02,    0.21314E-13
    0.30996E+01,    0.29097E+02,    0.17060E-13
    0.10532E+02,    0.35956E+02,    0.17477E-13
    0.13678E+02,    0.33479E+02,    0.18797E-13
    0.11094E+02,    0.33926E+02,    0.18521E-13
    0.84882E+01,    0.35832E+02,    0.17549E-13
    0.78670E+01,    0.30536E+02,    0.17531E-13
    0.88908E+01,    0.32708E+02,    0.17874E-13
    0.51873E+01,    0.30358E+02,    0.17472E-13
    0.74471E+01,    0.34318E+02,    0.16060E-13
    0.17085E+02,    0.42033E+02,    0.20789E-13
    0.15566E+02,    0.40625E+02,    0.20976E-13
    0.19750E+02,    0.42385E+02,    0.20761E-13
    0.21801E+02,    0.40016E+02,    0.20529E-13
    0.19804E+02,    0.36529E+02,    0.19918E-13
    0.15961E+02,    0.36267E+02,    0.19856E-13
    0.14829E+02,    0.38512E+02,    0.19520E-13
    0.20883E+01,    0.72872E+02,    0.17825E-13
    0.20034E+01,    0.78098E+02,    0.18699E-13
    0.40918E+01,    0.75017E+02,    0.18565E-13
    0.48467E+01,    0.81495E+02,    0.19129E-13
    0.86036E+01,    0.74975E+02,    0.18558E-13
    0.93585E+01,    0.79507E+02,    0.19256E-13
    0.10292E+02,    0.72087E+02,    0.18845E-13
    0.16916E+02,    0.45653E+02,    0.22026E-13
    0.16182E+02,    0.44040E+02,    0.21786E-13
    0.13671E+02,    0.41587E+02,    0.20420E-13
    0.18922E+02,    0.48404E+02,    0.22045E-13
    0.20132E+02,    0.49996E+02,    0.21314E-13
    0.10116E+01,    0.30360E+02,    0.16628E-13
    0.79035E+01,    0.37062E+02,    0.15680E-13
    0.70311E+01,    0.38804E+02,    0.15758E-13
    0.41861E+01,    0.38236E+02,    0.11234E-13
    0.43266E+01,    0.37104E+02,    0.11656E-13
    0.10117E+01,    0.69640E+02,    0.16629E-13
    0.31000E+01,    0.70903E+02,    0.17061E-13
    0.18040E+02,    0.71553E+02,    0.19450E-13
    0.13905E+02,    0.70369E+02,    0.19137E-13
    0.11409E+02,    0.42907E+02,    0.22698E-13
    0.12937E+02,    0.45879E+02,    0.23537E-13
    0.13911E+02,    0.45670E+02,    0.23973E-13
    0.17402E+02,    0.49126E+02,    0.22362E-13
    0.55686E+00,    0.34775E+02,    0.12858E-13
    0.33406E+00,    0.36122E+02,    0.10816E-13
    0.89092E+00,    0.35646E+02,    0.11060E-13
    0.57865E+01,    0.34491E+02,    0.16053E-13
    0.44170E+01,    0.36196E+02,    0.13643E-13
    0.53874E+01,    0.35958E+02,    0.13661E-13
    0.16958E+01,    0.35985E+02,    0.11957E-13
    0.35332E+01,    0.36005E+02,    0.12866E-13
    0.28130E+01,    0.35491E+02,    0.11959E-13
    0.88629E+00,    0.32967E+02,    0.14763E-13
    0.14431E+01,    0.34050E+02,    0.13389E-13
    0.18979E+01,    0.31833E+02,    0.15811E-13
    0.28945E+01,    0.34427E+02,    0.14390E-13
    0.39855E+01,    0.32099E+02,    0.16098E-13
    0.44252E+01,    0.33609E+02,    0.14895E-13
    0.11019E+02,    0.42306E+02,    0.21142E-13
    0.66306E+01,    0.39291E+02,    0.14740E-13
    0.68739E+01,    0.37222E+02,    0.15689E-13
    0.60353E+01,    0.36815E+02,    0.14876E-13
    0.67270E+01,    0.38193E+02,    0.14381E-13
    0.18982E+01,    0.68167E+02,    0.15813E-13
    0.55714E+00,    0.65226E+02,    0.12858E-13
    0.88650E+00,    0.67034E+02,    0.14764E-13
    0.14436E+01,    0.65952E+02,    0.13392E-13
    0.12297E+02,    0.45568E+02,    0.24847E-13
    0.12231E+02,    0.43234E+02,    0.21576E-13
    0.13446E+02,    0.42901E+02,    0.22091E-13
    0.14438E+02,    0.43946E+02,    0.21988E-13
    0.13708E+02,    0.44824E+02,    0.22595E-13
    0.12822E+02,    0.46451E+02,    0.24987E-13
    0.16205E+02,    0.48496E+02,    0.22841E-13
    0.15823E+02,    0.46978E+02,    0.22878E-13
    0.14604E+02,    0.46635E+02,    0.23209E-13
    0.18919E+02,    0.51583E+02,    0.22051E-13
    0.17400E+02,    0.50844E+02,    0.22384E-13
    0.76629E+01,    0.39165E+02,    0.16661E-13
    0.76813E+01,    0.39944E+02,    0.16396E-13
    0.12417E+02,    0.41007E+02,    0.21078E-13
    0.11277E+02,    0.41629E+02,    0.20445E-13
    0.55490E+01,    0.40313E+02,    0.14613E-13
    0.61848E+01,    0.39995E+02,    0.15487E-13
    0.23562E+01,    0.38089E+02,    0.77447E-14
    0.54019E+01,    0.39251E+02,    0.13480E-13
    0.59722E+01,    0.39728E+02,    0.13909E-13
    0.61375E+01,    0.39296E+02,    0.14928E-13
    0.57981E+01,    0.39034E+02,    0.13194E-13
    0.51042E+01,    0.38464E+02,    0.12609E-13
    0.55734E+01,    0.37568E+02,    0.12901E-13
    0.56736E+01,    0.38591E+02,    0.13280E-13
    0.59855E+01,    0.38167E+02,    0.14274E-13
    0.46780E+01,    0.38091E+02,    0.11257E-13
    0.48352E+01,    0.37619E+02,    0.12862E-13
    0.39858E+01,    0.67901E+02,    0.16100E-13
    0.74465E+01,    0.65681E+02,    0.16061E-13
    0.51876E+01,    0.69642E+02,    0.17473E-13
    0.78681E+01,    0.69465E+02,    0.17532E-13
    0.88914E+01,    0.67294E+02,    0.17876E-13
    0.34867E+01,    0.62253E+02,    0.97176E-14
    0.36729E+01,    0.62763E+02,    0.11511E-13
    0.12098E+02,    0.44007E+02,    0.23229E-13
    0.12147E+02,    0.45088E+02,    0.23829E-13
    0.12584E+02,    0.44552E+02,    0.23317E-13
    0.10102E+02,    0.42314E+02,    0.21580E-13
    0.96469E+01,    0.41863E+02,    0.20391E-13
    0.10798E+02,    0.43421E+02,    0.22142E-13
    0.10199E+02,    0.44201E+02,    0.24633E-13
    0.13164E+02,    0.46977E+02,    0.24596E-13
    0.13972E+02,    0.47369E+02,    0.23901E-13
    0.12665E+02,    0.47868E+02,    0.26114E-13
    0.12658E+02,    0.47400E+02,    0.25244E-13
    0.11527E+02,    0.46900E+02,    0.26967E-13
    0.11808E+02,    0.47222E+02,    0.26194E-13
    0.12162E+02,    0.47104E+02,    0.26242E-13
    0.12222E+02,    0.46567E+02,    0.24893E-13
    0.15393E+02,    0.49464E+02,    0.23760E-13
    0.11734E+02,    0.53742E+02,    0.26040E-13
    0.11096E+02,    0.66078E+02,    0.18523E-13
    0.13685E+02,    0.66532E+02,    0.18801E-13
    0.12063E+02,    0.53435E+02,    0.25144E-13
    0.30402E+00,    0.38875E+02,    0.15473E-14
    0.57784E+00,    0.38753E+02,    0.18856E-14
    0.22938E+00,    0.37538E+02,    0.66386E-14
    0.33406E+00,    0.36741E+02,    0.87673E-14
    0.56344E+00,    0.37092E+02,    0.79771E-14
    0.13378E+01,    0.38420E+02,    0.40874E-14
    0.10967E+01,    0.38571E+02,    0.40726E-14
    0.17336E+01,    0.37913E+02,    0.71492E-14
    0.20154E+01,    0.37739E+02,    0.71572E-14
    0.11043E+01,    0.37133E+02,    0.87194E-14
    0.16797E+01,    0.36764E+02,    0.87688E-14
    0.21424E+01,    0.37146E+02,    0.92772E-14
    0.73588E+01,    0.40767E+02,    0.17604E-13
    0.81150E+01,    0.40412E+02,    0.18340E-13
    0.68475E+01,    0.39767E+02,    0.15809E-13
    0.65669E+01,    0.40038E+02,    0.15565E-13
    0.72663E+01,    0.40059E+02,    0.16877E-13
    0.72227E+01,    0.40477E+02,    0.16520E-13
    0.12546E+02,    0.38339E+02,    0.19446E-13
    0.12029E+02,    0.39873E+02,    0.19268E-13
    0.11111E+02,    0.37412E+02,    0.18867E-13
    0.59396E+01,    0.40641E+02,    0.15980E-13
    0.60756E+01,    0.40276E+02,    0.14797E-13
    0.58380E+01,    0.40382E+02,    0.15444E-13
    0.30604E+01,    0.38405E+02,    0.83707E-14
    0.27698E+01,    0.38063E+02,    0.80514E-14
    0.37462E+01,    0.38140E+02,    0.99869E-14
    0.34725E+01,    0.38450E+02,    0.94483E-14
    0.22680E+01,    0.38453E+02,    0.65602E-14
    0.29508E+01,    0.39282E+02,    0.81118E-14
    0.29644E+01,    0.38716E+02,    0.75624E-14
    0.54096E+01,    0.39585E+02,    0.12882E-13
    0.56405E+01,    0.39800E+02,    0.14438E-13
    0.54589E+01,    0.40084E+02,    0.13999E-13
    0.45076E+01,    0.39808E+02,    0.12141E-13
    0.32171E+01,    0.39216E+02,    0.81933E-14
    0.32400E+01,    0.38952E+02,    0.89014E-14
    0.34568E+01,    0.39416E+02,    0.94645E-14
    0.36850E+01,    0.39299E+02,    0.89513E-14
    0.35382E+01,    0.38791E+02,    0.86062E-14
    0.37435E+01,    0.38938E+02,    0.10193E-13
    0.44254E+01,    0.66391E+02,    0.14897E-13
    0.28950E+01,    0.65575E+02,    0.14393E-13
    0.57861E+01,    0.65507E+02,    0.16054E-13
    0.88796E+00,    0.64361E+02,    0.11069E-13
    0.16930E+01,    0.64024E+02,    0.11971E-13
    0.16635E+01,    0.63265E+02,    0.87934E-14
    0.31185E+01,    0.63212E+02,    0.10166E-13
    0.28134E+01,    0.64512E+02,    0.11966E-13
    0.35330E+01,    0.63994E+02,    0.12864E-13
    0.43246E+01,    0.62893E+02,    0.11647E-13
    0.48335E+01,    0.62378E+02,    0.12858E-13
    0.53871E+01,    0.64039E+02,    0.13661E-13
    0.44165E+01,    0.63801E+02,    0.13644E-13
    0.11198E+02,    0.46297E+02,    0.26665E-13
    0.11511E+02,    0.46508E+02,    0.25899E-13
    0.11399E+02,    0.45733E+02,    0.25760E-13
    0.11126E+02,    0.45948E+02,    0.25782E-13
    0.11812E+02,    0.45867E+02,    0.24786E-13
    0.11852E+02,    0.46293E+02,    0.25873E-13
    0.10840E+02,    0.45855E+02,    0.26664E-13
    0.10701E+02,    0.45618E+02,    0.26256E-13
    0.10405E+02,    0.45668E+02,    0.26396E-13
    0.10367E+02,    0.45971E+02,    0.27712E-13
    0.10609E+02,    0.46074E+02,    0.26810E-13
    0.96765E+01,    0.44480E+02,    0.25789E-13
    0.99645E+01,    0.44531E+02,    0.24735E-13
    0.11559E+02,    0.45046E+02,    0.24615E-13
    0.11296E+02,    0.45392E+02,    0.24980E-13
    0.10735E+02,    0.45129E+02,    0.25182E-13
    0.10884E+02,    0.45369E+02,    0.25735E-13
    0.13963E+02,    0.48116E+02,    0.24948E-13
    0.12988E+02,    0.48724E+02,    0.26065E-13
    0.13162E+02,    0.48192E+02,    0.24860E-13
    0.11668E+02,    0.47606E+02,    0.27161E-13
    0.11026E+02,    0.48041E+02,    0.29022E-13
    0.12467E+02,    0.51196E+02,    0.26057E-13
    0.11030E+02,    0.51954E+02,    0.29032E-13
    0.11607E+02,    0.50677E+02,    0.28114E-13
    0.11101E+02,    0.52248E+02,    0.27935E-13
    0.11847E+02,    0.51056E+02,    0.27774E-13
    0.11594E+02,    0.50949E+02,    0.27934E-13
    0.11401E+02,    0.51112E+02,    0.28664E-13
    0.10171E+02,    0.57723E+02,    0.21250E-13
    0.96525E+01,    0.58131E+02,    0.20503E-13
    0.11473E+02,    0.57097E+02,    0.22547E-13
    0.15974E+02,    0.63745E+02,    0.19856E-13
    0.13341E+01,    0.38965E+02,    0.39577E-14
    0.81313E+00,    0.38900E+02,    0.26443E-14
    0.10699E+01,    0.38803E+02,    0.30236E-14
    0.37067E+00,    0.37838E+02,    0.53214E-14
    0.14129E+00,    0.38099E+02,    0.47293E-14
    0.26540E+00,    0.38353E+02,    0.30938E-14
    0.53922E+00,    0.38465E+02,    0.35125E-14
    0.14550E+01,    0.37797E+02,    0.64387E-14
    0.11694E+01,    0.37576E+02,    0.62805E-14
    0.13004E+01,    0.38125E+02,    0.58160E-14
    0.72698E+01,    0.41350E+02,    0.19071E-13
    0.86984E+01,    0.41320E+02,    0.19119E-13
    0.68146E+01,    0.41238E+02,    0.18378E-13
    0.70840E+01,    0.41207E+02,    0.17740E-13
    0.71176E+01,    0.40938E+02,    0.17854E-13
    0.64156E+01,    0.40907E+02,    0.17058E-13
    0.63344E+01,    0.40485E+02,    0.16370E-13
    0.62488E+01,    0.40687E+02,    0.15961E-13
    0.66345E+01,    0.40386E+02,    0.15811E-13
    0.68715E+01,    0.40533E+02,    0.17122E-13
    0.68582E+01,    0.40815E+02,    0.17035E-13
    0.66828E+01,    0.40973E+02,    0.17208E-13
    0.98436E+01,    0.38340E+02,    0.17554E-13
    0.86799E+01,    0.38113E+02,    0.17619E-13
    0.82836E+01,    0.39026E+02,    0.16414E-13
    0.36818E+01,    0.37233E+02,    0.11524E-13
    0.34962E+01,    0.37743E+02,    0.97752E-14
    0.29320E+01,    0.37711E+02,    0.93221E-14
    0.31257E+01,    0.36785E+02,    0.10177E-13
    0.26453E+01,    0.37145E+02,    0.98701E-14
    0.19619E+01,    0.39026E+02,    0.52539E-14
    0.15428E+01,    0.38825E+02,    0.37762E-14
    0.18147E+01,    0.38833E+02,    0.51972E-14
    0.15197E+01,    0.38512E+02,    0.53213E-14
    0.17609E+01,    0.38334E+02,    0.52013E-14
    0.19545E+01,    0.38523E+02,    0.60231E-14
    0.49582E+01,    0.40069E+02,    0.13548E-13
    0.51854E+01,    0.40009E+02,    0.13087E-13
    0.51615E+01,    0.39719E+02,    0.13391E-13
    0.49033E+01,    0.39603E+02,    0.12173E-13
    0.47664E+01,    0.39812E+02,    0.12445E-13
    0.48304E+01,    0.39329E+02,    0.12285E-13
    0.49077E+01,    0.38766E+02,    0.11806E-13
    0.50809E+01,    0.39110E+02,    0.12057E-13
    0.40255E+01,    0.39635E+02,    0.10748E-13
    0.39149E+01,    0.39397E+02,    0.10631E-13
    0.43270E+01,    0.39597E+02,    0.10982E-13
    0.10854E+01,    0.62892E+02,    0.87631E-14
    0.55774E+00,    0.62911E+02,    0.80445E-14
    0.33082E+00,    0.63884E+02,    0.10826E-13
    0.33082E+00,    0.63265E+02,    0.87836E-14
    0.10573E+02,    0.46537E+02,    0.28152E-13
    0.10693E+02,    0.46300E+02,    0.27282E-13
    0.10996E+02,    0.46431E+02,    0.26692E-13
    0.10192E+02,    0.45491E+02,    0.27055E-13
    0.10895E+02,    0.44799E+02,    0.24501E-13
    0.10931E+02,    0.43931E+02,    0.23917E-13
    0.11409E+02,    0.44191E+02,    0.23098E-13
    0.11306E+02,    0.44693E+02,    0.24369E-13
    0.10618E+02,    0.44604E+02,    0.24990E-13
    0.10551E+02,    0.44239E+02,    0.23631E-13
    0.10275E+02,    0.43340E+02,    0.23284E-13
    0.12507E+02,    0.48799E+02,    0.26070E-13
    0.13173E+02,    0.49661E+02,    0.26047E-13
    0.13407E+02,    0.49171E+02,    0.24797E-13
    0.14549E+02,    0.49364E+02,    0.23794E-13
    0.14132E+02,    0.48801E+02,    0.24681E-13
    0.10839E+02,    0.47563E+02,    0.29034E-13
    0.11318E+02,    0.47557E+02,    0.27573E-13
    0.11085E+02,    0.47748E+02,    0.28013E-13
    0.10719E+02,    0.47053E+02,    0.28598E-13
    0.10774E+02,    0.46780E+02,    0.27601E-13
    0.11021E+02,    0.46740E+02,    0.27568E-13
    0.10896E+02,    0.47286E+02,    0.27924E-13
    0.11238E+02,    0.46997E+02,    0.26911E-13
    0.11169E+02,    0.47271E+02,    0.27899E-13
    0.11223E+02,    0.48207E+02,    0.27974E-13
    0.12641E+02,    0.49653E+02,    0.26029E-13
    0.12393E+02,    0.49238E+02,    0.26994E-13
    0.11888E+02,    0.50533E+02,    0.27693E-13
    0.12037E+02,    0.50777E+02,    0.27046E-13
    0.12334E+02,    0.50797E+02,    0.27053E-13
    0.12598E+02,    0.50447E+02,    0.26114E-13
    0.12441E+02,    0.50045E+02,    0.27011E-13
    0.11018E+02,    0.51325E+02,    0.29580E-13
    0.11095E+02,    0.50814E+02,    0.29594E-13
    0.11175E+02,    0.51062E+02,    0.28678E-13
    0.11207E+02,    0.50574E+02,    0.28799E-13
    0.11432E+02,    0.50532E+02,    0.28696E-13
    0.11465E+02,    0.50257E+02,    0.28579E-13
    0.11749E+02,    0.54160E+02,    0.24767E-13
    0.10620E+02,    0.53455E+02,    0.28053E-13
    0.10858E+02,    0.53216E+02,    0.27332E-13
    0.11324E+02,    0.53586E+02,    0.26000E-13
    0.11214E+02,    0.53266E+02,    0.27245E-13
    0.10851E+02,    0.52439E+02,    0.29051E-13
    0.10756E+02,    0.52951E+02,    0.28549E-13
    0.10945E+02,    0.52720E+02,    0.27808E-13
    0.11735E+02,    0.52340E+02,    0.26918E-13
    0.11377E+02,    0.52429E+02,    0.27637E-13
    0.11865E+02,    0.53020E+02,    0.26398E-13
    0.12057E+02,    0.52648E+02,    0.26215E-13
    0.11426E+02,    0.53007E+02,    0.26620E-13
    0.11260E+02,    0.52725E+02,    0.27608E-13
    0.11408E+02,    0.51385E+02,    0.28136E-13
    0.11225E+02,    0.51786E+02,    0.27988E-13
    0.11160E+02,    0.51513E+02,    0.28824E-13
    0.10363E+02,    0.54029E+02,    0.27780E-13
    0.10402E+02,    0.54334E+02,    0.26442E-13
    0.12270E+02,    0.54417E+02,    0.24967E-13
    0.12204E+02,    0.54906E+02,    0.23598E-13
    0.15783E+02,    0.53106E+02,    0.22849E-13
    0.16181E+02,    0.51572E+02,    0.22881E-13
    0.15371E+02,    0.50822E+02,    0.23641E-13
    0.10777E+02,    0.58227E+02,    0.21300E-13
    0.11436E+02,    0.58036E+02,    0.20566E-13
    0.29865E+02,    0.61418E+02,    0.20308E-13
    0.27625E+02,    0.67145E+02,    0.19967E-13
    0.21667E+02,    0.67453E+02,    0.19923E-13
    0.19820E+02,    0.63481E+02,    0.19919E-13
    0.17103E+02,    0.57967E+02,    0.20795E-13
    0.16895E+02,    0.54331E+02,    0.22023E-13
    0.16177E+02,    0.55955E+02,    0.21765E-13
    0.18812E+02,    0.53536E+02,    0.21521E-13
    0.12411E+00,    0.38758E+02,    0.12496E-14
    0.12411E+00,    0.38525E+02,    0.27274E-14
    0.92982E+00,    0.38376E+02,    0.41997E-14
    0.68489E+00,    0.38306E+02,    0.36127E-14
    0.10552E+01,    0.38111E+02,    0.50059E-14
    0.64045E+00,    0.37934E+02,    0.57370E-14
    0.89840E+00,    0.37831E+02,    0.58411E-14
    0.72786E+01,    0.41609E+02,    0.19360E-13
    0.76751E+01,    0.41944E+02,    0.20514E-13
    0.75724E+01,    0.41696E+02,    0.19355E-13
    0.79613E+01,    0.42043E+02,    0.20312E-13
    0.81681E+01,    0.41839E+02,    0.20432E-13
    0.82656E+01,    0.41220E+02,    0.19554E-13
    0.75728E+01,    0.41254E+02,    0.18197E-13
    0.77392E+01,    0.41483E+02,    0.19640E-13
    0.80487E+01,    0.41527E+02,    0.19170E-13
    0.76283E+01,    0.40940E+02,    0.18477E-13
    0.80116E+01,    0.40862E+02,    0.17961E-13
    0.10688E+02,    0.40052E+02,    0.19671E-13
    0.99375E+01,    0.39447E+02,    0.18419E-13
    0.97081E+01,    0.41241E+02,    0.19822E-13
    0.10420E+02,    0.41016E+02,    0.19838E-13
    0.91216E+01,    0.40931E+02,    0.19688E-13
    0.87921E+01,    0.40381E+02,    0.17892E-13
    0.89792E+01,    0.39773E+02,    0.18411E-13
    0.24518E+01,    0.39161E+02,    0.66709E-14
    0.22694E+01,    0.38966E+02,    0.62431E-14
    0.27320E+01,    0.39104E+02,    0.70934E-14
    0.24357E+01,    0.38704E+02,    0.64175E-14
    0.27227E+01,    0.38802E+02,    0.76189E-14
    0.41168E+01,    0.39169E+02,    0.10145E-13
    0.40234E+01,    0.38881E+02,    0.10393E-13
    0.45630E+01,    0.39173E+02,    0.11044E-13
    0.43609E+01,    0.39305E+02,    0.11513E-13
    0.42623E+01,    0.38639E+02,    0.10412E-13
    0.45576E+01,    0.38795E+02,    0.11843E-13
    0.22692E+00,    0.62459E+02,    0.66539E-14
    0.30572E+00,    0.61125E+02,    0.15565E-14
    0.90128E+00,    0.62161E+02,    0.57470E-14
    0.11503E+01,    0.62445E+02,    0.64826E-14
    0.14745E+01,    0.62280E+02,    0.70933E-14
    0.24483E+01,    0.60839E+02,    0.66768E-14
    0.30660E+01,    0.61585E+02,    0.84050E-14
    0.29498E+01,    0.60718E+02,    0.81085E-14
    0.27275E+01,    0.60895E+02,    0.70710E-14
    0.27229E+01,    0.61190E+02,    0.76030E-14
    0.29700E+01,    0.61275E+02,    0.75378E-14
    0.49591E+01,    0.59931E+02,    0.13546E-13
    0.46763E+01,    0.61907E+02,    0.11257E-13
    0.51056E+01,    0.61531E+02,    0.12608E-13
    0.49101E+01,    0.61230E+02,    0.11813E-13
    0.10408E+02,    0.45085E+02,    0.26097E-13
    0.10187E+02,    0.45211E+02,    0.25937E-13
    0.10351E+02,    0.44789E+02,    0.24825E-13
    0.99308E+01,    0.45021E+02,    0.26439E-13
    0.10049E+02,    0.44754E+02,    0.25855E-13
    0.94056E+01,    0.44031E+02,    0.24962E-13
    0.96546E+01,    0.44162E+02,    0.24281E-13
    0.93620E+01,    0.43727E+02,    0.23699E-13
    0.96033E+01,    0.43542E+02,    0.23867E-13
    0.99782E+01,    0.43988E+02,    0.24364E-13
    0.99704E+01,    0.43672E+02,    0.23068E-13
    0.87783E+01,    0.43182E+02,    0.23313E-13
    0.90953E+01,    0.43590E+02,    0.24236E-13
    0.90454E+01,    0.43320E+02,    0.23039E-13
    0.92570E+01,    0.43144E+02,    0.23179E-13
    0.95481E+01,    0.43229E+02,    0.22296E-13
    0.98349E+01,    0.42698E+02,    0.21365E-13
    0.99633E+01,    0.43039E+02,    0.22799E-13
    0.11800E+02,    0.47944E+02,    0.27037E-13
    0.11556E+02,    0.48177E+02,    0.27850E-13
    0.12187E+02,    0.48093E+02,    0.26350E-13
    0.11636E+02,    0.48472E+02,    0.27794E-13
    0.12203E+02,    0.48493E+02,    0.26959E-13
    0.11895E+02,    0.48639E+02,    0.27140E-13
    0.11099E+02,    0.49185E+02,    0.29585E-13
    0.11911E+02,    0.49485E+02,    0.27628E-13
    0.12071E+02,    0.49238E+02,    0.26985E-13
    0.11877E+02,    0.48945E+02,    0.27738E-13
    0.11623E+02,    0.49327E+02,    0.28086E-13
    0.11613E+02,    0.49051E+02,    0.27888E-13
    0.11661E+02,    0.50140E+02,    0.28088E-13
    0.11909E+02,    0.50271E+02,    0.27701E-13
    0.12097E+02,    0.50015E+02,    0.27017E-13
    0.11666E+02,    0.49867E+02,    0.28052E-13
    0.11925E+02,    0.49749E+02,    0.27727E-13
    0.11090E+02,    0.50300E+02,    0.29727E-13
    0.11244E+02,    0.50119E+02,    0.29005E-13
    0.11611E+02,    0.55124E+02,    0.24647E-13
    0.11546E+02,    0.55707E+02,    0.22968E-13
    0.11822E+02,    0.52002E+02,    0.27190E-13
    0.11557E+02,    0.51806E+02,    0.27829E-13
    0.11625E+02,    0.51516E+02,    0.27852E-13
    0.11871E+02,    0.51350E+02,    0.27157E-13
    0.12194E+02,    0.51470E+02,    0.27040E-13
    0.12214E+02,    0.51832E+02,    0.26341E-13
    0.76749E+01,    0.58056E+02,    0.20503E-13
    0.79598E+01,    0.57959E+02,    0.20299E-13
    0.68716E+01,    0.62776E+02,    0.15689E-13
    0.60342E+01,    0.63181E+02,    0.14874E-13
    0.55726E+01,    0.62427E+02,    0.12897E-13
    0.84876E+01,    0.64169E+02,    0.17552E-13
    0.79017E+01,    0.62938E+02,    0.15679E-13
    0.10533E+02,    0.64049E+02,    0.17479E-13
    0.10193E+02,    0.54512E+02,    0.27055E-13
    0.11077E+02,    0.53763E+02,    0.26959E-13
    0.10729E+02,    0.53683E+02,    0.26965E-13
    0.10593E+02,    0.53918E+02,    0.26855E-13
    0.14467E+02,    0.56056E+02,    0.22032E-13
    0.13747E+02,    0.55148E+02,    0.22599E-13
    0.13490E+02,    0.57094E+02,    0.22166E-13
    0.12697E+02,    0.55423E+02,    0.23310E-13
    0.12190E+02,    0.55966E+02,    0.23308E-13
    0.12263E+02,    0.56729E+02,    0.21551E-13
    0.12981E+02,    0.51155E+02,    0.26102E-13
    0.14469E+02,    0.51173E+02,    0.23693E-13
    0.14108E+02,    0.50338E+02,    0.24989E-13
    0.13082E+02,    0.50658E+02,    0.25941E-13
    0.13458E+02,    0.50264E+02,    0.25007E-13
    0.12714E+02,    0.53488E+02,    0.25151E-13
    0.12906E+02,    0.54052E+02,    0.23619E-13
    0.13892E+02,    0.54266E+02,    0.23946E-13
    0.14539E+02,    0.53418E+02,    0.23210E-13
    0.14839E+02,    0.61495E+02,    0.19520E-13
    0.15588E+02,    0.59385E+02,    0.20983E-13
    0.13685E+02,    0.58411E+02,    0.20405E-13
    0.12422E+02,    0.58984E+02,    0.21042E-13
    0.20743E+02,    0.54803E+02,    0.21253E-13
    0.25896E+02,    0.58232E+02,    0.20324E-13
    0.21810E+02,    0.59988E+02,    0.20531E-13
    0.19752E+02,    0.57610E+02,    0.20760E-13
    0.26198E+02,    0.53905E+02,    0.20749E-13
    0.23103E+02,    0.52853E+02,    0.20783E-13
    0.80582E+01,    0.42327E+02,    0.21461E-13
    0.88259E+01,    0.42915E+02,    0.22888E-13
    0.93110E+01,    0.42625E+02,    0.22315E-13
    0.91482E+01,    0.42882E+02,    0.22020E-13
    0.13302E+01,    0.61021E+02,    0.40367E-14
    0.10890E+01,    0.61885E+02,    0.51972E-14
    0.13614E+01,    0.61930E+02,    0.56288E-14
    0.12581E+00,    0.61243E+02,    0.12688E-14
    0.12581E+00,    0.61476E+02,    0.27157E-14
    0.27055E+00,    0.61648E+02,    0.30822E-14
    0.14474E+00,    0.61902E+02,    0.46904E-14
    0.65034E+00,    0.62057E+02,    0.56777E-14
    0.37166E+00,    0.62160E+02,    0.52905E-14
    0.97240E+00,    0.61620E+02,    0.41930E-14
    0.11265E+01,    0.61417E+02,    0.37627E-14
    0.70250E+00,    0.61689E+02,    0.35934E-14
    0.54963E+00,    0.61538E+02,    0.35264E-14
    0.10712E+01,    0.61184E+02,    0.30640E-14
    0.81839E+00,    0.61101E+02,    0.25910E-14
    0.58480E+00,    0.61249E+02,    0.19099E-14
    0.19510E+01,    0.60966E+02,    0.52326E-14
    0.22550E+01,    0.61024E+02,    0.61485E-14
    0.24261E+01,    0.61279E+02,    0.64272E-14
    0.22817E+01,    0.61505E+02,    0.65882E-14
    0.23595E+01,    0.61873E+02,    0.77559E-14
    0.29027E+01,    0.62281E+02,    0.92972E-14
    0.27523E+01,    0.61925E+02,    0.79202E-14
    0.21081E+01,    0.62874E+02,    0.91886E-14
    0.26172E+01,    0.62850E+02,    0.98941E-14
    0.18542E+01,    0.62335E+02,    0.74952E-14
    0.20242E+01,    0.62014E+02,    0.67151E-14
    0.50856E+01,    0.60886E+02,    0.12069E-13
    0.54052E+01,    0.60745E+02,    0.13488E-13
    0.45592E+01,    0.61204E+02,    0.11846E-13
    0.47685E+01,    0.60187E+02,    0.12450E-13
    0.49075E+01,    0.60395E+02,    0.12177E-13
    0.48347E+01,    0.60669E+02,    0.12285E-13
    0.45658E+01,    0.60826E+02,    0.11053E-13
    0.43639E+01,    0.60695E+02,    0.11516E-13
    0.11415E+02,    0.48886E+02,    0.28637E-13
    0.11182E+02,    0.48938E+02,    0.28650E-13
    0.11420E+02,    0.48613E+02,    0.28120E-13
    0.11021E+02,    0.48675E+02,    0.29570E-13
    0.11165E+02,    0.48486E+02,    0.28791E-13
    0.11092E+02,    0.49699E+02,    0.29725E-13
    0.11246E+02,    0.49879E+02,    0.28991E-13
    0.11472E+02,    0.49744E+02,    0.28590E-13
    0.11443E+02,    0.49468E+02,    0.28664E-13
    0.11212E+02,    0.49424E+02,    0.28774E-13
    0.11267E+02,    0.54919E+02,    0.24479E-13
    0.11076E+02,    0.55823E+02,    0.23934E-13
    0.80569E+01,    0.57674E+02,    0.21446E-13
    0.92653E+01,    0.57365E+02,    0.22203E-13
    0.91652E+01,    0.58004E+02,    0.20836E-13
    0.90859E+01,    0.57633E+02,    0.21054E-13
    0.81662E+01,    0.58163E+02,    0.20419E-13
    0.84778E+01,    0.58044E+02,    0.20281E-13
    0.86980E+01,    0.58677E+02,    0.19126E-13
    0.87922E+01,    0.58251E+02,    0.20381E-13
    0.59391E+01,    0.59360E+02,    0.15982E-13
    0.55484E+01,    0.59688E+02,    0.14615E-13
    0.58369E+01,    0.59620E+02,    0.15443E-13
    0.60738E+01,    0.59726E+02,    0.14795E-13
    0.59689E+01,    0.60272E+02,    0.13905E-13
    0.61812E+01,    0.60007E+02,    0.15478E-13
    0.82651E+01,    0.58780E+02,    0.19550E-13
    0.80477E+01,    0.58474E+02,    0.19163E-13
    0.76591E+01,    0.60835E+02,    0.16656E-13
    0.56736E+01,    0.61403E+02,    0.13280E-13
    0.59834E+01,    0.61829E+02,    0.14270E-13
    0.57978E+01,    0.60962E+02,    0.13198E-13
    0.61333E+01,    0.60702E+02,    0.14923E-13
    0.66252E+01,    0.60708E+02,    0.14732E-13
    0.70269E+01,    0.61194E+02,    0.15757E-13
    0.67237E+01,    0.61804E+02,    0.14376E-13
    0.99324E+01,    0.54961E+02,    0.26541E-13
    0.10190E+02,    0.54773E+02,    0.25875E-13
    0.13937E+02,    0.51815E+02,    0.24853E-13
    0.13903E+02,    0.52642E+02,    0.24110E-13
    0.13167E+02,    0.51619E+02,    0.24875E-13
    0.13063E+02,    0.52925E+02,    0.24757E-13
    0.12674E+02,    0.52022E+02,    0.26154E-13
    0.12604E+02,    0.52501E+02,    0.25533E-13
    0.83974E+01,    0.42724E+02,    0.22560E-13
    0.86732E+01,    0.42735E+02,    0.21732E-13
    0.83116E+01,    0.42433E+02,    0.21254E-13
    0.14008E+01,    0.61437E+02,    0.46011E-14
    0.19487E+01,    0.61464E+02,    0.56587E-14
    0.18022E+01,    0.61714E+02,    0.59724E-14
    0.15192E+01,    0.61685E+02,    0.52488E-14
    0.15242E+01,    0.61182E+02,    0.38117E-14
    0.17891E+01,    0.61180E+02,    0.52419E-14
    0.37437E+01,    0.61859E+02,    0.99961E-14
    0.34735E+01,    0.61548E+02,    0.94454E-14
    0.41846E+01,    0.61763E+02,    0.11230E-13
    0.42629E+01,    0.61361E+02,    0.10419E-13
    0.40267E+01,    0.60365E+02,    0.10745E-13
    0.45088E+01,    0.60192E+02,    0.12138E-13
    0.43293E+01,    0.60403E+02,    0.10990E-13
    0.34567E+01,    0.60584E+02,    0.94594E-14
    0.32159E+01,    0.60784E+02,    0.81900E-14
    0.32407E+01,    0.61047E+02,    0.88951E-14
    0.35401E+01,    0.61207E+02,    0.85970E-14
    0.10813E+02,    0.54127E+02,    0.26694E-13
    0.10687E+02,    0.54376E+02,    0.26260E-13
    0.10824E+02,    0.54580E+02,    0.25747E-13
    0.11090E+02,    0.54052E+02,    0.25808E-13
    0.11352E+02,    0.54293E+02,    0.25699E-13
    0.11211E+02,    0.54572E+02,    0.25378E-13
    0.10917E+02,    0.55098E+02,    0.25206E-13
    0.10790E+02,    0.55419E+02,    0.24170E-13
    0.10680E+02,    0.54846E+02,    0.25226E-13
    0.10404E+02,    0.54917E+02,    0.26032E-13
    0.10871E+02,    0.56667E+02,    0.22101E-13
    0.10823E+02,    0.56163E+02,    0.23457E-13
    0.83931E+01,    0.57278E+02,    0.22520E-13
    0.86586E+01,    0.57271E+02,    0.21725E-13
    0.87556E+01,    0.57572E+02,    0.21647E-13
    0.83060E+01,    0.57570E+02,    0.21235E-13
    0.85206E+01,    0.57736E+02,    0.21157E-13
    0.10041E+02,    0.57292E+02,    0.21776E-13
    0.95713E+01,    0.57233E+02,    0.21815E-13
    0.10345E+02,    0.56875E+02,    0.22998E-13
    0.10026E+02,    0.56581E+02,    0.22697E-13
    0.56410E+01,    0.60201E+02,    0.14430E-13
    0.54128E+01,    0.60415E+02,    0.12895E-13
    0.51660E+01,    0.60281E+02,    0.13397E-13
    0.51877E+01,    0.59992E+02,    0.13081E-13
    0.54597E+01,    0.59919E+02,    0.14004E-13
    0.72785E+01,    0.58392E+02,    0.19354E-13
    0.75721E+01,    0.58304E+02,    0.19348E-13
    0.77386E+01,    0.58518E+02,    0.19633E-13
    0.68424E+01,    0.60234E+02,    0.15804E-13
    0.65627E+01,    0.59964E+02,    0.15552E-13
    0.72208E+01,    0.59524E+02,    0.16516E-13
    0.80110E+01,    0.59138E+02,    0.17957E-13
    0.81138E+01,    0.59588E+02,    0.18331E-13
    0.76782E+01,    0.60057E+02,    0.16393E-13
    0.72631E+01,    0.59941E+02,    0.16870E-13
    0.86775E+01,    0.61889E+02,    0.17621E-13
    0.82805E+01,    0.60976E+02,    0.16410E-13
    0.93624E+01,    0.55941E+02,    0.25101E-13
    0.96962E+01,    0.55553E+02,    0.25654E-13
    0.96312E+01,    0.55844E+02,    0.24410E-13
    0.97484E+01,    0.56084E+02,    0.24222E-13
    0.10056E+02,    0.56197E+02,    0.23894E-13
    0.10327E+02,    0.55988E+02,    0.23750E-13
    0.87715E+01,    0.42434E+02,    0.21657E-13
    0.91562E+01,    0.41979E+02,    0.20763E-13
    0.90869E+01,    0.42358E+02,    0.21125E-13
    0.87941E+01,    0.41746E+02,    0.20383E-13
    0.84808E+01,    0.41959E+02,    0.20280E-13
    0.85274E+01,    0.42268E+02,    0.21198E-13
    0.39163E+01,    0.60603E+02,    0.10626E-13
    0.36851E+01,    0.60700E+02,    0.89485E-14
    0.41188E+01,    0.60830E+02,    0.10154E-13
    0.40244E+01,    0.61118E+02,    0.10394E-13
    0.37437E+01,    0.61062E+02,    0.10194E-13
    0.87643E+01,    0.56815E+02,    0.23330E-13
    0.88016E+01,    0.57087E+02,    0.22841E-13
    0.90780E+01,    0.57120E+02,    0.21948E-13
    0.90975E+01,    0.56416E+02,    0.24225E-13
    0.95345E+01,    0.56339E+02,    0.23698E-13
    0.93211E+01,    0.56251E+02,    0.24006E-13
    0.96542E+01,    0.56643E+02,    0.23509E-13
    0.95028E+01,    0.56878E+02,    0.22357E-13
    0.91993E+01,    0.56859E+02,    0.23250E-13
    0.90336E+01,    0.56684E+02,    0.23045E-13
    0.68145E+01,    0.58762E+02,    0.18374E-13
    0.64153E+01,    0.59093E+02,    0.17059E-13
    0.62480E+01,    0.59313E+02,    0.15960E-13
    0.63329E+01,    0.59516E+02,    0.16365E-13
    0.66325E+01,    0.59615E+02,    0.15805E-13
    0.68698E+01,    0.59468E+02,    0.17115E-13
    0.68574E+01,    0.59186E+02,    0.17032E-13
    0.66823E+01,    0.59027E+02,    0.17203E-13
    0.98431E+01,    0.61664E+02,    0.17555E-13
    0.11113E+02,    0.62593E+02,    0.18872E-13
    0.12550E+02,    0.61666E+02,    0.19445E-13
    0.12036E+02,    0.60129E+02,    0.19287E-13
    0.87900E+01,    0.59623E+02,    0.17887E-13
    0.89758E+01,    0.60232E+02,    0.18405E-13
    0.91200E+01,    0.59068E+02,    0.19669E-13
    0.97015E+01,    0.58770E+02,    0.19762E-13
    0.10418E+02,    0.58997E+02,    0.19778E-13
    0.10691E+02,    0.59950E+02,    0.19683E-13
    0.99356E+01,    0.60559E+02,    0.18414E-13
    0.99986E+01,    0.55193E+02,    0.25852E-13
    0.99320E+01,    0.55468E+02,    0.24807E-13
    0.10231E+02,    0.55655E+02,    0.24781E-13
    0.10443E+02,    0.55426E+02,    0.24870E-13
    0.10294E+02,    0.55176E+02,    0.25165E-13
    0.71168E+01,    0.59062E+02,    0.17848E-13
    0.75722E+01,    0.58747E+02,    0.18194E-13
    0.72694E+01,    0.58651E+02,    0.19066E-13
    0.70836E+01,    0.58793E+02,    0.17737E-13
    0.73576E+01,    0.59234E+02,    0.17600E-13
    0.76271E+01,    0.59061E+02,    0.18471E-13
    0.54426E+01,    0.40783E+02,    0.17101E-17
    0.44042E+01,    0.40722E+02,    0.18774E-17
    0.45668E+01,    0.40920E+02,    0.18544E-17
    0.48173E+01,    0.40931E+02,    0.18955E-17
    0.49829E+01,    0.40763E+02,    0.17854E-17
    0.52332E+01,    0.40925E+02,    0.17836E-17
    0.67092E+01,    0.41428E+02,    0.17562E-17
    0.39513E+01,    0.39903E+02,    0.16568E-17
    0.53505E+01,    0.40514E+02,    0.16967E-17
    0.50358E+01,    0.40533E+02,    0.16678E-17
    0.48665E+01,    0.40325E+02,    0.16895E-17
    0.44398E+01,    0.40484E+02,    0.17542E-17
    0.45988E+01,    0.40308E+02,    0.16524E-17
    0.44316E+01,    0.40047E+02,    0.16615E-17
    0.41823E+01,    0.40354E+02,    0.17542E-17
    0.41768E+01,    0.40105E+02,    0.16432E-17
    0.10725E+02,    0.48098E+02,    0.22228E-17
    0.10352E+02,    0.46612E+02,    0.21334E-17
    0.10097E+02,    0.46049E+02,    0.20900E-17
    0.71171E+01,    0.41730E+02,    0.17750E-17
    0.71303E+01,    0.41966E+02,    0.18076E-17
    0.68536E+01,    0.41654E+02,    0.17312E-17
    0.72683E+01,    0.42088E+02,    0.18020E-17
    0.75356E+01,    0.42334E+02,    0.18290E-17
    0.75217E+01,    0.42094E+02,    0.18020E-17
    0.76658E+01,    0.42465E+02,    0.18316E-17
    0.79062E+01,    0.42479E+02,    0.18297E-17
    0.94858E+01,    0.44650E+02,    0.19957E-17
    0.41095E+01,    0.40769E+02,    0.18494E-17
    0.39972E+01,    0.40525E+02,    0.18383E-17
    0.62932E+01,    0.41116E+02,    0.17337E-17
    0.61128E+01,    0.41536E+02,    0.18223E-17
    0.63581E+01,    0.41581E+02,    0.18659E-17
    0.64549E+01,    0.41372E+02,    0.17124E-17
    0.57167E+01,    0.41212E+02,    0.17798E-17
    0.56481E+01,    0.40905E+02,    0.17367E-17
    0.58646E+01,    0.40821E+02,    0.17126E-17
    0.59680E+01,    0.41287E+02,    0.18420E-17
    0.60514E+01,    0.41077E+02,    0.16931E-17
    0.79966E+00,    0.39188E+02,    0.16038E-17
    0.33883E+01,    0.39648E+02,    0.16315E-17
    0.27008E+01,    0.40197E+02,    0.17923E-17
    0.28785E+01,    0.39555E+02,    0.16298E-17
    0.30762E+01,    0.39720E+02,    0.16064E-17
    0.35858E+01,    0.40502E+02,    0.18236E-17
    0.37757E+01,    0.40384E+02,    0.18179E-17
    0.37353E+01,    0.40011E+02,    0.16553E-17
    0.35111E+01,    0.39877E+02,    0.16473E-17
    0.10756E+02,    0.48707E+02,    0.22970E-17
    0.10445E+02,    0.47121E+02,    0.21767E-17
    0.10280E+02,    0.46924E+02,    0.21224E-17
    0.10123E+02,    0.46489E+02,    0.21204E-17
    0.99886E+01,    0.46265E+02,    0.21275E-17
    0.82701E+01,    0.42882E+02,    0.18571E-17
    0.76840E+01,    0.43433E+02,    0.20915E-17
    0.12258E+00,    0.60665E+02,    0.31890E-17
    0.12258E+00,    0.60332E+02,    0.34473E-17
    0.10153E+01,    0.60631E+02,    0.31279E-17
    0.98265E+00,    0.60299E+02,    0.34850E-17
    0.56276E+00,    0.60662E+02,    0.31395E-17
    0.79957E+00,    0.60812E+02,    0.31592E-17
    0.30250E+00,    0.60828E+02,    0.31754E-17
    0.28614E+00,    0.60161E+02,    0.34555E-17
    0.54641E+00,    0.60329E+02,    0.34841E-17
    0.75055E+00,    0.60147E+02,    0.34505E-17
    0.37758E+01,    0.59616E+02,    0.33856E-17
    0.37355E+01,    0.59988E+02,    0.31278E-17
    0.10148E+02,    0.50752E+02,    0.26675E-17
    0.68816E+01,    0.42046E+02,    0.18494E-17
    0.65668E+01,    0.42316E+02,    0.19864E-17
    0.67915E+01,    0.42294E+02,    0.19868E-17
    0.67411E+01,    0.41851E+02,    0.18703E-17
    0.64999E+01,    0.41834E+02,    0.18466E-17
    0.64157E+01,    0.42050E+02,    0.20056E-17
    0.56262E+01,    0.41425E+02,    0.19470E-17
    0.75063E+00,    0.39853E+02,    0.17578E-17
    0.56288E+00,    0.39338E+02,    0.15911E-17
    0.12261E+00,    0.39335E+02,    0.16150E-17
    0.30253E+00,    0.39172E+02,    0.16093E-17
    0.54652E+00,    0.39671E+02,    0.17731E-17
    0.12261E+00,    0.39668E+02,    0.17519E-17
    0.28617E+00,    0.39839E+02,    0.17575E-17
    0.12930E+01,    0.39244E+02,    0.16089E-17
    0.10154E+01,    0.39370E+02,    0.15899E-17
    0.12115E+01,    0.39905E+02,    0.17662E-17
    0.98272E+00,    0.39702E+02,    0.17786E-17
    0.17520E+01,    0.40054E+02,    0.17924E-17
    0.30538E+01,    0.39954E+02,    0.17256E-17
    0.29328E+01,    0.40155E+02,    0.18301E-17
    0.33178E+01,    0.40054E+02,    0.17174E-17
    0.31326E+01,    0.40397E+02,    0.18203E-17
    0.33521E+01,    0.40307E+02,    0.18302E-17
    0.10095E+02,    0.48789E+02,    0.25154E-17
    0.10813E+02,    0.49199E+02,    0.23235E-17
    0.10631E+02,    0.48983E+02,    0.22839E-17
    0.10148E+02,    0.49248E+02,    0.25406E-17
    0.10299E+02,    0.49016E+02,    0.25482E-17
    0.10244E+02,    0.48601E+02,    0.24934E-17
    0.10595E+02,    0.48299E+02,    0.22613E-17
    0.10574E+02,    0.48553E+02,    0.22630E-17
    0.10096E+02,    0.50164E+02,    0.26655E-17
    0.10096E+02,    0.49836E+02,    0.26655E-17
    0.10329E+02,    0.50556E+02,    0.26724E-17
    0.10261E+02,    0.50294E+02,    0.26393E-17
    0.10662E+02,    0.50572E+02,    0.24035E-17
    0.10419E+02,    0.47387E+02,    0.21508E-17
    0.10635E+02,    0.47595E+02,    0.21892E-17
    0.10580E+02,    0.47838E+02,    0.21766E-17
    0.98031E+01,    0.47299E+02,    0.23891E-17
    0.94977E+01,    0.46414E+02,    0.23356E-17
    0.96159E+01,    0.46224E+02,    0.22799E-17
    0.99530E+01,    0.45568E+02,    0.20518E-17
    0.98950E+01,    0.45823E+02,    0.20622E-17
    0.88834E+01,    0.43707E+02,    0.19134E-17
    0.91784E+01,    0.44135E+02,    0.19412E-17
    0.89230E+01,    0.43948E+02,    0.19031E-17
    0.87127E+01,    0.44031E+02,    0.20526E-17
    0.73092E+01,    0.43045E+02,    0.20499E-17
    0.73157E+01,    0.42807E+02,    0.20171E-17
    0.75553E+01,    0.42698E+02,    0.19338E-17
    0.12931E+01,    0.60757E+02,    0.31589E-17
    0.12115E+01,    0.60096E+02,    0.34566E-17
    0.91784E+01,    0.55865E+02,    0.27808E-17
    0.82701E+01,    0.57118E+02,    0.28632E-17
    0.85718E+01,    0.56709E+02,    0.28423E-17
    0.83456E+01,    0.56855E+02,    0.28000E-17
    0.81487E+01,    0.56742E+02,    0.30151E-17
    0.35120E+01,    0.60123E+02,    0.31151E-17
    0.41768E+01,    0.59895E+02,    0.30693E-17
    0.39513E+01,    0.60097E+02,    0.31012E-17
    0.58646E+01,    0.59179E+02,    0.30082E-17
    0.10813E+02,    0.50801E+02,    0.24396E-17
    0.98031E+01,    0.52701E+02,    0.28373E-17
    0.10445E+02,    0.52879E+02,    0.25881E-17
    0.10299E+02,    0.50984E+02,    0.27151E-17
    0.10756E+02,    0.51293E+02,    0.24756E-17
    0.10631E+02,    0.51017E+02,    0.24359E-17
    0.94858E+01,    0.55350E+02,    0.27538E-17
    0.94977E+01,    0.53586E+02,    0.29194E-17
    0.98448E+01,    0.52933E+02,    0.29069E-17
    0.96035E+01,    0.53133E+02,    0.28985E-17
    0.96933E+01,    0.53352E+02,    0.29287E-17
    0.96159E+01,    0.53776E+02,    0.29239E-17
    0.99886E+01,    0.53735E+02,    0.26563E-17
    0.88018E+01,    0.54961E+02,    0.30530E-17
    0.69371E+01,    0.42450E+02,    0.19963E-17
    0.73022E+01,    0.42445E+02,    0.19066E-17
    0.71652E+01,    0.42323E+02,    0.19034E-17
    0.69548E+01,    0.42691E+02,    0.20187E-17
    0.71926E+01,    0.42685E+02,    0.20159E-17
    0.60267E+01,    0.41748E+02,    0.19808E-17
    0.57912E+01,    0.41713E+02,    0.19295E-17
    0.61877E+01,    0.42010E+02,    0.19603E-17
    0.49606E+01,    0.41198E+02,    0.18867E-17
    0.52099E+01,    0.41173E+02,    0.19158E-17
    0.53862E+01,    0.41404E+02,    0.19000E-17
    0.19020E+01,    0.39275E+02,    0.15996E-17
    0.13992E+01,    0.39756E+02,    0.17737E-17
    0.16161E+01,    0.39856E+02,    0.17743E-17
    0.17757E+01,    0.39652E+02,    0.17056E-17
    0.14481E+01,    0.39426E+02,    0.16067E-17
    0.17011E+01,    0.39405E+02,    0.16076E-17
    0.22198E+01,    0.40129E+02,    0.17954E-17
    0.20224E+01,    0.39983E+02,    0.18219E-17
    0.24927E+01,    0.40019E+02,    0.18166E-17
    0.20208E+01,    0.39751E+02,    0.16962E-17
    0.10662E+02,    0.49428E+02,    0.23277E-17
    0.10261E+02,    0.49706E+02,    0.25656E-17
    0.10329E+02,    0.49444E+02,    0.25864E-17
    0.10497E+02,    0.50130E+02,    0.24994E-17
    0.10497E+02,    0.49870E+02,    0.24968E-17
    0.10895E+02,    0.50180E+02,    0.23440E-17
    0.10726E+02,    0.50310E+02,    0.24301E-17
    0.10895E+02,    0.49820E+02,    0.23404E-17
    0.10726E+02,    0.49690E+02,    0.23666E-17
    0.98706E+01,    0.47780E+02,    0.24425E-17
    0.99812E+01,    0.47507E+02,    0.24417E-17
    0.10230E+02,    0.47519E+02,    0.22904E-17
    0.10351E+02,    0.47793E+02,    0.23072E-17
    0.10046E+02,    0.46946E+02,    0.22577E-17
    0.98448E+01,    0.47067E+02,    0.24117E-17
    0.99457E+01,    0.46682E+02,    0.22430E-17
    0.96035E+01,    0.46867E+02,    0.23778E-17
    0.96933E+01,    0.46648E+02,    0.23482E-17
    0.88018E+01,    0.45039E+02,    0.22173E-17
    0.92313E+01,    0.45891E+02,    0.22803E-17
    0.94747E+01,    0.46003E+02,    0.23041E-17
    0.96459E+01,    0.45818E+02,    0.21656E-17
    0.85718E+01,    0.43291E+02,    0.18874E-17
    0.86270E+01,    0.43544E+02,    0.18711E-17
    0.83456E+01,    0.43145E+02,    0.18389E-17
    0.81487E+01,    0.43258E+02,    0.19717E-17
    0.92172E+01,    0.44557E+02,    0.19766E-17
    0.90948E+01,    0.44352E+02,    0.20001E-17
    0.90752E+01,    0.44767E+02,    0.20954E-17
    0.88272E+01,    0.44790E+02,    0.22093E-17
    0.87882E+01,    0.44283E+02,    0.20096E-17
    0.85958E+01,    0.44614E+02,    0.21795E-17
    0.85751E+01,    0.44374E+02,    0.21899E-17
    0.77061E+01,    0.43209E+02,    0.20494E-17
    0.75510E+01,    0.43064E+02,    0.20579E-17
    0.79552E+01,    0.43119E+02,    0.19402E-17
    0.76778E+01,    0.42836E+02,    0.19349E-17
    0.79123E+01,    0.42733E+02,    0.18537E-17
    0.80346E+01,    0.42870E+02,    0.18660E-17
    0.17713E+01,    0.59956E+02,    0.34859E-17
    0.20556E+01,    0.60013E+02,    0.35262E-17
    0.22337E+01,    0.59857E+02,    0.34716E-17
    0.25086E+01,    0.59971E+02,    0.34900E-17
    0.27027E+01,    0.59806E+02,    0.34307E-17
    0.35859E+01,    0.59498E+02,    0.34319E-17
    0.72683E+01,    0.57912E+02,    0.29517E-17
    0.75217E+01,    0.57906E+02,    0.29208E-17
    0.75356E+01,    0.57666E+02,    0.29319E-17
    0.71171E+01,    0.58270E+02,    0.29454E-17
    0.71303E+01,    0.58034E+02,    0.29675E-17
    0.80346E+01,    0.57130E+02,    0.29102E-17
    0.79552E+01,    0.56881E+02,    0.29805E-17
    0.77061E+01,    0.56791E+02,    0.31904E-17
    0.73092E+01,    0.56955E+02,    0.32332E-17
    0.73157E+01,    0.57193E+02,    0.32213E-17
    0.75510E+01,    0.56936E+02,    0.32062E-17
    0.76840E+01,    0.56567E+02,    0.31986E-17
    0.86270E+01,    0.56456E+02,    0.27779E-17
    0.88834E+01,    0.56293E+02,    0.28120E-17
    0.89230E+01,    0.56052E+02,    0.27502E-17
    0.29347E+01,    0.59848E+02,    0.34861E-17
    0.30566E+01,    0.60049E+02,    0.32844E-17
    0.33187E+01,    0.59946E+02,    0.32653E-17
    0.31326E+01,    0.59604E+02,    0.34565E-17
    0.33522E+01,    0.59693E+02,    0.34471E-17
    0.44316E+01,    0.59953E+02,    0.30755E-17
    0.20475E+01,    0.60381E+02,    0.32841E-17
    0.21869E+01,    0.60217E+02,    0.32812E-17
    0.24802E+01,    0.60211E+02,    0.33095E-17
    0.25977E+01,    0.60413E+02,    0.30817E-17
    0.33891E+01,    0.60352E+02,    0.31073E-17
    0.30790E+01,    0.60283E+02,    0.30739E-17
    0.28805E+01,    0.60449E+02,    0.31295E-17
    0.41095E+01,    0.59231E+02,    0.34119E-17
    0.39972E+01,    0.59475E+02,    0.34218E-17
    0.41823E+01,    0.59646E+02,    0.32416E-17
    0.53505E+01,    0.59486E+02,    0.30514E-17
    0.45668E+01,    0.59080E+02,    0.33757E-17
    0.48173E+01,    0.59069E+02,    0.34257E-17
    0.44042E+01,    0.59278E+02,    0.34379E-17
    0.44398E+01,    0.59516E+02,    0.32383E-17
    0.49829E+01,    0.59237E+02,    0.32083E-17
    0.45988E+01,    0.59692E+02,    0.30379E-17
    0.48665E+01,    0.59675E+02,    0.30836E-17
    0.50358E+01,    0.59467E+02,    0.30255E-17
    0.49606E+01,    0.58802E+02,    0.33843E-17
    0.98706E+01,    0.52220E+02,    0.28212E-17
    0.99812E+01,    0.52493E+02,    0.28674E-17
    0.10095E+02,    0.51211E+02,    0.27068E-17
    0.10280E+02,    0.53076E+02,    0.25618E-17
    0.10046E+02,    0.53054E+02,    0.27518E-17
    0.99457E+01,    0.53318E+02,    0.27405E-17
    0.10352E+02,    0.53388E+02,    0.26087E-17
    0.10123E+02,    0.53511E+02,    0.26431E-17
    0.94747E+01,    0.53997E+02,    0.29562E-17
    0.10097E+02,    0.53951E+02,    0.26696E-17
    0.88272E+01,    0.55210E+02,    0.31018E-17
    0.90752E+01,    0.55233E+02,    0.28904E-17
    0.92172E+01,    0.55443E+02,    0.27767E-17
    0.90948E+01,    0.55648E+02,    0.28184E-17
    0.26127E+01,    0.39581E+02,    0.15971E-17
    0.24812E+01,    0.39770E+02,    0.16837E-17
    0.24048E+01,    0.39365E+02,    0.16074E-17
    0.21625E+01,    0.39420E+02,    0.15758E-17
    0.22067E+01,    0.39649E+02,    0.16925E-17
    0.10249E+02,    0.47979E+02,    0.23465E-17
    0.10017E+02,    0.47978E+02,    0.25056E-17
    0.10348E+02,    0.48225E+02,    0.23636E-17
    0.99465E+01,    0.48248E+02,    0.24857E-17
    0.10144E+02,    0.48384E+02,    0.24924E-17
    0.90795E+01,    0.45433E+02,    0.22330E-17
    0.90692E+01,    0.45183E+02,    0.22557E-17
    0.92782E+01,    0.45596E+02,    0.22849E-17
    0.95157E+01,    0.45560E+02,    0.21615E-17
    0.92366E+01,    0.45017E+02,    0.21014E-17
    0.96919E+01,    0.45401E+02,    0.20140E-17
    0.96748E+01,    0.45133E+02,    0.20370E-17
    0.94673E+01,    0.44964E+02,    0.19879E-17
    0.79500E+01,    0.43584E+02,    0.21259E-17
    0.81656E+01,    0.43500E+02,    0.19816E-17
    0.84639E+01,    0.43887E+02,    0.20070E-17
    0.84178E+01,    0.43641E+02,    0.20212E-17
    0.17795E+01,    0.60368E+02,    0.32586E-17
    0.16857E+01,    0.60605E+02,    0.31521E-17
    0.14473E+01,    0.60569E+02,    0.31516E-17
    0.13984E+01,    0.60239E+02,    0.34666E-17
    0.16346E+01,    0.60148E+02,    0.34671E-17
    0.68816E+01,    0.57954E+02,    0.30720E-17
    0.65668E+01,    0.57684E+02,    0.33035E-17
    0.67915E+01,    0.57706E+02,    0.32538E-17
    0.79123E+01,    0.57267E+02,    0.28991E-17
    0.79062E+01,    0.57521E+02,    0.28937E-17
    0.76658E+01,    0.57535E+02,    0.29292E-17
    0.75553E+01,    0.57302E+02,    0.30563E-17
    0.76778E+01,    0.57164E+02,    0.30526E-17
    0.21310E+01,    0.60587E+02,    0.30656E-17
    0.23879E+01,    0.60627E+02,    0.31216E-17
    0.18874E+01,    0.60741E+02,    0.31240E-17
    0.53862E+01,    0.58596E+02,    0.33562E-17
    0.52099E+01,    0.58827E+02,    0.33954E-17
    0.52332E+01,    0.59075E+02,    0.32015E-17
    0.56481E+01,    0.59095E+02,    0.30815E-17
    0.54426E+01,    0.59217E+02,    0.30429E-17
    0.10419E+02,    0.52613E+02,    0.25304E-17
    0.10230E+02,    0.52481E+02,    0.26492E-17
    0.10574E+02,    0.51447E+02,    0.24912E-17
    0.10244E+02,    0.51399E+02,    0.27411E-17
    0.92313E+01,    0.54109E+02,    0.29813E-17
    0.99530E+01,    0.54432E+02,    0.26860E-17
    0.96459E+01,    0.54182E+02,    0.28310E-17
    0.98950E+01,    0.54177E+02,    0.26509E-17
    0.79900E+01,    0.43812E+02,    0.21220E-17
    0.82873E+01,    0.44209E+02,    0.21500E-17
    0.82517E+01,    0.43973E+02,    0.21624E-17
    0.69548E+01,    0.57309E+02,    0.32646E-17
    0.71926E+01,    0.57315E+02,    0.32224E-17
    0.69371E+01,    0.57550E+02,    0.32666E-17
    0.73022E+01,    0.57555E+02,    0.30839E-17
    0.71652E+01,    0.57677E+02,    0.30841E-17
    0.64157E+01,    0.57950E+02,    0.33519E-17
    0.84178E+01,    0.56359E+02,    0.30162E-17
    0.81656E+01,    0.56500E+02,    0.29835E-17
    0.79900E+01,    0.56188E+02,    0.31655E-17
    0.79500E+01,    0.56416E+02,    0.32316E-17
    0.85958E+01,    0.55386E+02,    0.30766E-17
    0.10595E+02,    0.51701E+02,    0.24945E-17
    0.10351E+02,    0.52207E+02,    0.26604E-17
    0.90795E+01,    0.54567E+02,    0.29971E-17
    0.90692E+01,    0.54817E+02,    0.30653E-17
    0.92782E+01,    0.54404E+02,    0.30308E-17
    0.95157E+01,    0.54440E+02,    0.28317E-17
    0.92366E+01,    0.54983E+02,    0.28930E-17
    0.96919E+01,    0.54599E+02,    0.26766E-17
    0.96748E+01,    0.54867E+02,    0.27375E-17
    0.94673E+01,    0.55036E+02,    0.27063E-17
    0.61877E+01,    0.57990E+02,    0.33277E-17
    0.62932E+01,    0.58884E+02,    0.29906E-17
    0.60514E+01,    0.58923E+02,    0.29593E-17
    0.67092E+01,    0.58572E+02,    0.29722E-17
    0.64549E+01,    0.58628E+02,    0.29355E-17
    0.63581E+01,    0.58419E+02,    0.31706E-17
    0.68536E+01,    0.58346E+02,    0.29072E-17
    0.67411E+01,    0.58149E+02,    0.31166E-17
    0.64999E+01,    0.58166E+02,    0.31181E-17
    0.87882E+01,    0.55717E+02,    0.28862E-17
    0.85751E+01,    0.55626E+02,    0.31508E-17
    0.87127E+01,    0.55969E+02,    0.29835E-17
    0.82873E+01,    0.55791E+02,    0.31215E-17
    0.84639E+01,    0.56113E+02,    0.29507E-17
    0.82517E+01,    0.56027E+02,    0.32002E-17
    0.10725E+02,    0.51902E+02,    0.24996E-17
    0.10635E+02,    0.52405E+02,    0.25341E-17
    0.10580E+02,    0.52162E+02,    0.24710E-17
    0.10017E+02,    0.52022E+02,    0.28480E-17
    0.10249E+02,    0.52021E+02,    0.26476E-17
    0.10348E+02,    0.51775E+02,    0.26597E-17
    0.99465E+01,    0.51752E+02,    0.27902E-17
    0.10144E+02,    0.51616E+02,    0.27435E-17
    0.59680E+01,    0.58713E+02,    0.31929E-17
    0.56262E+01,    0.58575E+02,    0.33943E-17
    0.57167E+01,    0.58788E+02,    0.31154E-17
    0.57912E+01,    0.58287E+02,    0.33431E-17
    0.60267E+01,    0.58252E+02,    0.33824E-17
    0.61128E+01,    0.58464E+02,    0.31348E-17
    0.27379E+01,    0.46535E+02,    0.87610E-18
    0.14847E+01,    0.46869E+02,    0.87933E-18
    0.66881E+00,    0.46014E+02,    0.87541E-18
    0.81585E+00,    0.48333E+02,    0.94809E-18
    0.19004E+01,    0.49253E+02,    0.95122E-18
    0.19004E+01,    0.50751E+02,    0.98393E-18
    0.27380E+01,    0.53469E+02,    0.10629E-17
    0.81587E+00,    0.51669E+02,    0.98745E-18
    0.14846E+01,    0.53133E+02,    0.10565E-17
    0.66875E+00,    0.53986E+02,    0.10605E-17
    0.73381E+01,    0.49698E+02,    0.10764E-17
    0.73379E+01,    0.50303E+02,    0.10355E-17
    0.60737E+01,    0.49506E+02,    0.96504E-18
    0.68059E+01,    0.49202E+02,    0.97086E-18
    0.45978E+00,    0.44297E+02,    0.76811E-18
    0.11286E+01,    0.44936E+02,    0.79286E-18
    0.19973E+01,    0.44559E+02,    0.78380E-18
    0.20780E+01,    0.43642E+02,    0.59321E-18
    0.36235E+01,    0.52672E+02,    0.10441E-17
    0.43856E+01,    0.50670E+02,    0.99876E-18
    0.34547E+01,    0.51419E+02,    0.10073E-17
    0.98615E+01,    0.50248E+02,    0.26910E-17
    0.80726E+01,    0.44612E+02,    0.20692E-17
    0.12208E+01,    0.40219E+02,    0.15917E-17
    0.21285E+01,    0.40366E+02,    0.16577E-17
    0.40869E+01,    0.45351E+02,    0.79173E-18
    0.31356E+01,    0.45511E+02,    0.78003E-18
    0.27510E+01,    0.44785E+02,    0.79601E-18
    0.75195E+01,    0.48320E+02,    0.97344E-18
    0.69814E+01,    0.48384E+02,    0.93688E-18
    0.76816E+01,    0.47299E+02,    0.96046E-18
    0.77475E+01,    0.47800E+02,    0.95338E-18
    0.12208E+01,    0.59781E+02,    0.33858E-17
    0.21285E+01,    0.59634E+02,    0.34052E-17
    0.40871E+01,    0.54653E+02,    0.11821E-17
    0.31359E+01,    0.54492E+02,    0.11637E-17
    0.27511E+01,    0.55217E+02,    0.11504E-17
    0.60735E+01,    0.50499E+02,    0.10131E-17
    0.54021E+01,    0.51166E+02,    0.10302E-17
    0.68056E+01,    0.50800E+02,    0.10742E-17
    0.61724E+00,    0.57650E+02,    0.15673E-17
    0.86876E+01,    0.53175E+02,    0.19346E-17
    0.79165E+01,    0.50556E+02,    0.12284E-17
    0.80885E+01,    0.52885E+02,    0.15108E-17
    0.80579E+01,    0.44328E+02,    0.20731E-17
    0.74824E+01,    0.43577E+02,    0.19924E-17
    0.83928E+01,    0.46087E+02,    0.14655E-17
    0.85422E+01,    0.46352E+02,    0.13528E-17
    0.55239E+01,    0.45023E+02,    0.69805E-18
    0.45972E+01,    0.45921E+02,    0.75741E-18
    0.53707E+01,    0.45677E+02,    0.77461E-18
    0.60777E+01,    0.44850E+02,    0.74983E-18
    0.61232E+01,    0.44296E+02,    0.67489E-18
    0.65305E+01,    0.44138E+02,    0.89143E-18
    0.65436E+01,    0.45120E+02,    0.73266E-18
    0.83227E+01,    0.44733E+02,    0.20848E-17
    0.27817E+01,    0.43407E+02,    0.59060E-18
    0.32457E+01,    0.44016E+02,    0.64691E-18
    0.79167E+01,    0.49444E+02,    0.10883E-17
    0.79226E+01,    0.48884E+02,    0.11333E-17
    0.83401E+01,    0.48717E+02,    0.11738E-17
    0.97310E+01,    0.50000E+02,    0.26132E-17
    0.84221E+01,    0.47297E+02,    0.12616E-17
    0.87105E+01,    0.47095E+02,    0.14852E-17
    0.86833E+01,    0.46824E+02,    0.15566E-17
    0.80820E+01,    0.47104E+02,    0.10286E-17
    0.81241E+01,    0.46719E+02,    0.98239E-18
    0.84371E+01,    0.46641E+02,    0.12482E-17
    0.85220E+01,    0.47642E+02,    0.12186E-17
    0.88689E+01,    0.47693E+02,    0.15811E-17
    0.84372E+01,    0.48303E+02,    0.11392E-17
    0.82478E+01,    0.47951E+02,    0.12208E-17
    0.90811E+01,    0.47898E+02,    0.17514E-17
    0.16740E+01,    0.40321E+02,    0.14645E-17
    0.18531E+01,    0.40487E+02,    0.15200E-17
    0.14286E+01,    0.40424E+02,    0.15318E-17
    0.18365E+01,    0.40820E+02,    0.66740E-18
    0.82444E+00,    0.43478E+02,    0.60425E-18
    0.15739E+01,    0.43199E+02,    0.60261E-18
    0.16470E+01,    0.42489E+02,    0.41535E-18
    0.80568E+01,    0.55673E+02,    0.30632E-17
    0.74831E+01,    0.56424E+02,    0.31227E-17
    0.55233E+01,    0.54982E+02,    0.13805E-17
    0.45316E+01,    0.53126E+02,    0.10814E-17
    0.45974E+01,    0.54084E+02,    0.12042E-17
    0.53700E+01,    0.54329E+02,    0.12734E-17
    0.80813E+01,    0.55404E+02,    0.30750E-17
    0.83501E+01,    0.54436E+02,    0.24239E-17
    0.85557E+01,    0.54606E+02,    0.30313E-17
    0.88201E+01,    0.54454E+02,    0.30740E-17
    0.27815E+01,    0.56595E+02,    0.13776E-17
    0.32458E+01,    0.55986E+02,    0.13401E-17
    0.16740E+01,    0.59679E+02,    0.32589E-17
    0.18532E+01,    0.59513E+02,    0.33209E-17
    0.14286E+01,    0.59576E+02,    0.33061E-17
    0.18365E+01,    0.59180E+02,    0.24437E-17
    0.16468E+01,    0.57511E+02,    0.15286E-17
    0.11501E+01,    0.57892E+02,    0.15569E-17
    0.36459E+00,    0.56991E+02,    0.13326E-17
    0.76261E+00,    0.59810E+02,    0.33405E-17
    0.57188E+00,    0.59664E+02,    0.33573E-17
    0.10040E+01,    0.59647E+02,    0.33364E-17
    0.25265E+00,    0.57963E+02,    0.15216E-17
    0.25265E+00,    0.58440E+02,    0.18292E-17
    0.87142E+01,    0.52904E+02,    0.20465E-17
    0.84266E+01,    0.52699E+02,    0.15502E-17
    0.93243E+01,    0.53115E+02,    0.27923E-17
    0.81320E+01,    0.53270E+02,    0.16131E-17
    0.84435E+01,    0.53355E+02,    0.18830E-17
    0.88592E+01,    0.50744E+02,    0.15137E-17
    0.87285E+01,    0.51056E+02,    0.14636E-17
    0.94079E+01,    0.50481E+02,    0.20246E-17
    0.92368E+01,    0.50729E+02,    0.20276E-17
    0.93881E+01,    0.50963E+02,    0.20882E-17
    0.97101E+01,    0.50486E+02,    0.26787E-17
    0.98285E+01,    0.50729E+02,    0.26876E-17
    0.96777E+01,    0.50957E+02,    0.26840E-17
    0.90155E+01,    0.51322E+02,    0.18478E-17
    0.92975E+01,    0.51244E+02,    0.20807E-17
    0.79224E+01,    0.51115E+02,    0.11703E-17
    0.83399E+01,    0.51283E+02,    0.13596E-17
    0.85172E+01,    0.45843E+02,    0.15644E-17
    0.78182E+01,    0.44217E+02,    0.20571E-17
    0.77859E+01,    0.43937E+02,    0.20685E-17
    0.75444E+01,    0.43853E+02,    0.19918E-17
    0.72548E+01,    0.43502E+02,    0.19771E-17
    0.70692E+01,    0.43727E+02,    0.12467E-17
    0.71760E+01,    0.43215E+02,    0.19755E-17
    0.36233E+01,    0.47334E+02,    0.89874E-18
    0.45313E+01,    0.46880E+02,    0.87687E-18
    0.54022E+01,    0.48840E+02,    0.93623E-18
    0.43856E+01,    0.49338E+02,    0.94580E-18
    0.34546E+01,    0.48588E+02,    0.93531E-18
    0.65465E+01,    0.47719E+02,    0.91608E-18
    0.56995E+01,    0.47872E+02,    0.88882E-18
    0.53222E+01,    0.47167E+02,    0.89988E-18
    0.57947E+01,    0.46334E+02,    0.77491E-18
    0.85699E+01,    0.45143E+02,    0.20805E-17
    0.83222E+01,    0.45013E+02,    0.20804E-17
    0.85844E+01,    0.45406E+02,    0.20823E-17
    0.83815E+01,    0.45573E+02,    0.15540E-17
    0.80799E+01,    0.45498E+02,    0.13431E-17
    0.80351E+01,    0.45202E+02,    0.13568E-17
    0.20762E+01,    0.42207E+02,    0.40796E-18
    0.19604E+01,    0.41653E+02,    0.17634E-18
    0.22768E+01,    0.41448E+02,    0.25517E-18
    0.29389E+01,    0.42832E+02,    0.50290E-18
    0.25693E+01,    0.42361E+02,    0.41881E-18
    0.39244E+01,    0.43962E+02,    0.65664E-18
    0.43811E+01,    0.44571E+02,    0.65378E-18
    0.50446E+01,    0.44487E+02,    0.68346E-18
    0.83266E+01,    0.49746E+02,    0.12187E-17
    0.87203E+01,    0.50412E+02,    0.15001E-17
    0.83266E+01,    0.50254E+02,    0.12302E-17
    0.91185E+01,    0.48149E+02,    0.16455E-17
    0.88893E+01,    0.48343E+02,    0.16055E-17
    0.95671E+01,    0.48599E+02,    0.23531E-17
    0.94863E+01,    0.48166E+02,    0.25480E-17
    0.96579E+01,    0.48341E+02,    0.23722E-17
    0.87286E+01,    0.48944E+02,    0.14605E-17
    0.90156E+01,    0.48678E+02,    0.15468E-17
    0.92976E+01,    0.48756E+02,    0.19531E-17
    0.96283E+01,    0.47876E+02,    0.24833E-17
    0.94131E+01,    0.47756E+02,    0.23416E-17
    0.92669E+01,    0.47106E+02,    0.22766E-17
    0.95049E+01,    0.47320E+02,    0.25008E-17
    0.93691E+01,    0.47518E+02,    0.24396E-17
    0.90491E+01,    0.47459E+02,    0.16697E-17
    0.89906E+01,    0.47205E+02,    0.17324E-17
    0.88857E+01,    0.46662E+02,    0.18093E-17
    0.89903E+01,    0.46249E+02,    0.21617E-17
    0.87969E+01,    0.46385E+02,    0.17481E-17
    0.13600E+00,    0.40511E+02,    0.88536E-18
    0.16356E+00,    0.40118E+02,    0.15825E-17
    0.29956E+00,    0.40279E+02,    0.15589E-17
    0.76261E+00,    0.40190E+02,    0.15372E-17
    0.57188E+00,    0.40336E+02,    0.15572E-17
    0.10040E+01,    0.40353E+02,    0.15341E-17
    0.33308E+00,    0.40727E+02,    0.66550E-18
    0.60540E+00,    0.40662E+02,    0.60559E-18
    0.36466E+00,    0.43009E+02,    0.59907E-18
    0.78154E+01,    0.55783E+02,    0.30602E-17
    0.77842E+01,    0.56062E+02,    0.31225E-17
    0.75434E+01,    0.56147E+02,    0.30944E-17
    0.72558E+01,    0.56497E+02,    0.31131E-17
    0.70732E+01,    0.56270E+02,    0.23943E-17
    0.71762E+01,    0.56784E+02,    0.31994E-17
    0.56992E+01,    0.52132E+02,    0.10821E-17
    0.53222E+01,    0.52839E+02,    0.10750E-17
    0.57939E+01,    0.53671E+02,    0.12718E-17
    0.85477E+01,    0.54862E+02,    0.29632E-17
    0.83098E+01,    0.55007E+02,    0.29702E-17
    0.83324E+01,    0.55282E+02,    0.31031E-17
    0.80361E+01,    0.54482E+02,    0.22667E-17
    0.87855E+01,    0.54187E+02,    0.29379E-17
    0.89980E+01,    0.54005E+02,    0.29344E-17
    0.85447E+01,    0.53648E+02,    0.22798E-17
    0.85063E+01,    0.54163E+02,    0.24207E-17
    0.83912E+01,    0.53910E+02,    0.22206E-17
    0.20761E+01,    0.57793E+02,    0.15515E-17
    0.19603E+01,    0.58348E+02,    0.19058E-17
    0.29387E+01,    0.57169E+02,    0.14894E-17
    0.25691E+01,    0.57640E+02,    0.15510E-17
    0.39249E+01,    0.56040E+02,    0.13499E-17
    0.43815E+01,    0.55432E+02,    0.13519E-17
    0.50451E+01,    0.55516E+02,    0.13884E-17
    0.15753E+01,    0.59020E+02,    0.23509E-17
    0.15735E+01,    0.58615E+02,    0.19130E-17
    0.11925E+01,    0.58440E+02,    0.19123E-17
    0.13466E+01,    0.59250E+02,    0.24398E-17
    0.10843E+01,    0.59300E+02,    0.24509E-17
    0.82430E+00,    0.56523E+02,    0.13282E-17
    0.20778E+01,    0.56359E+02,    0.13439E-17
    0.15737E+01,    0.56802E+02,    0.13375E-17
    0.19971E+01,    0.55443E+02,    0.11571E-17
    0.45970E+00,    0.55703E+02,    0.11646E-17
    0.11284E+01,    0.55065E+02,    0.11429E-17
    0.13600E+00,    0.59489E+02,    0.27212E-17
    0.16356E+00,    0.59882E+02,    0.33601E-17
    0.29955E+00,    0.59721E+02,    0.33480E-17
    0.90504E+01,    0.52540E+02,    0.21924E-17
    0.89921E+01,    0.52794E+02,    0.21272E-17
    0.92677E+01,    0.52894E+02,    0.28826E-17
    0.93697E+01,    0.52482E+02,    0.26998E-17
    0.95051E+01,    0.52679E+02,    0.28590E-17
    0.85248E+01,    0.52355E+02,    0.15838E-17
    0.84378E+01,    0.51696E+02,    0.14375E-17
    0.82499E+01,    0.52046E+02,    0.13919E-17
    0.88707E+01,    0.52305E+02,    0.18474E-17
    0.88899E+01,    0.51656E+02,    0.18090E-17
    0.88872E+01,    0.53340E+02,    0.24168E-17
    0.91381E+01,    0.53324E+02,    0.27893E-17
    0.92217E+01,    0.53575E+02,    0.30532E-17
    0.89883E+01,    0.53756E+02,    0.29898E-17
    0.87963E+01,    0.53620E+02,    0.24933E-17
    0.89997E+01,    0.45998E+02,    0.21494E-17
    0.87936E+01,    0.45823E+02,    0.21946E-17
    0.88266E+01,    0.45553E+02,    0.22493E-17
    0.69253E+01,    0.44776E+02,    0.87446E-18
    0.68666E+01,    0.44347E+02,    0.85765E-18
    0.75493E+01,    0.44361E+02,    0.13225E-17
    0.71285E+01,    0.44075E+02,    0.12727E-17
    0.73761E+01,    0.44126E+02,    0.13073E-17
    0.78736E+01,    0.45756E+02,    0.11173E-17
    0.78872E+01,    0.46417E+02,    0.10031E-17
    0.80508E+01,    0.46074E+02,    0.10386E-17
    0.74796E+01,    0.45576E+02,    0.86664E-18
    0.78264E+01,    0.44769E+02,    0.14246E-17
    0.77894E+01,    0.45079E+02,    0.14301E-17
    0.75427E+01,    0.44629E+02,    0.13285E-17
    0.74402E+01,    0.45194E+02,    0.85580E-18
    0.72767E+01,    0.44878E+02,    0.87530E-18
    0.27678E+01,    0.41019E+02,    0.80681E-18
    0.25176E+01,    0.40951E+02,    0.87305E-18
    0.22463E+01,    0.40578E+02,    0.15481E-17
    0.24783E+01,    0.40630E+02,    0.15043E-17
    0.20701E+01,    0.40876E+02,    0.61167E-18
    0.22511E+01,    0.41095E+02,    0.52569E-18
    0.41450E+01,    0.41509E+02,    0.10896E-17
    0.65679E+01,    0.43732E+02,    0.89654E-18
    0.68447E+01,    0.43594E+02,    0.13529E-17
    0.69175E+01,    0.43251E+02,    0.16412E-17
    0.67626E+01,    0.43093E+02,    0.18409E-17
    0.61551E+01,    0.42452E+02,    0.18401E-17
    0.44187E+01,    0.41637E+02,    0.10794E-17
    0.45907E+01,    0.41421E+02,    0.17410E-17
    0.48560E+01,    0.41431E+02,    0.17188E-17
    0.38918E+01,    0.41645E+02,    0.84945E-18
    0.36266E+01,    0.41489E+02,    0.96340E-18
    0.34851E+01,    0.42680E+02,    0.53423E-18
    0.38902E+01,    0.42010E+02,    0.67373E-18
    0.35167E+01,    0.42180E+02,    0.40269E-18
    0.28173E+01,    0.41947E+02,    0.36772E-18
    0.26407E+01,    0.41588E+02,    0.25322E-18
    0.33268E+01,    0.41592E+02,    0.57990E-18
    0.32185E+01,    0.41918E+02,    0.44507E-18
    0.31500E+01,    0.41337E+02,    0.60301E-18
    0.28651E+01,    0.41304E+02,    0.70834E-18
    0.57879E+01,    0.43934E+02,    0.72023E-18
    0.52631E+01,    0.43951E+02,    0.61185E-18
    0.97930E+01,    0.48792E+02,    0.25698E-17
    0.93881E+01,    0.49037E+02,    0.19246E-17
    0.96777E+01,    0.49043E+02,    0.25523E-17
    0.87204E+01,    0.49588E+02,    0.13585E-17
    0.88592E+01,    0.49255E+02,    0.13540E-17
    0.94079E+01,    0.49519E+02,    0.19467E-17
    0.92368E+01,    0.49271E+02,    0.19169E-17
    0.93238E+01,    0.46885E+02,    0.22552E-17
    0.91379E+01,    0.46678E+02,    0.23335E-17
    0.92220E+01,    0.46427E+02,    0.24254E-17
    0.19708E+00,    0.40956E+02,    0.35640E-18
    0.11502E+01,    0.42109E+02,    0.36713E-18
    0.25267E+00,    0.41560E+02,    0.15912E-18
    0.44975E+00,    0.41292E+02,    0.22395E-18
    0.25267E+00,    0.42037E+02,    0.43858E-18
    0.61733E+00,    0.42350E+02,    0.36564E-18
    0.71363E+01,    0.55914E+02,    0.23235E-17
    0.73792E+01,    0.55865E+02,    0.23302E-17
    0.75505E+01,    0.55629E+02,    0.23270E-17
    0.65458E+01,    0.52282E+02,    0.11330E-17
    0.69807E+01,    0.51617E+02,    0.11218E-17
    0.75190E+01,    0.51679E+02,    0.11820E-17
    0.76854E+01,    0.52692E+02,    0.12772E-17
    0.77485E+01,    0.52196E+02,    0.12932E-17
    0.72059E+01,    0.54360E+02,    0.15515E-17
    0.72887E+01,    0.53138E+02,    0.13040E-17
    0.67566E+01,    0.53051E+02,    0.12629E-17
    0.66788E+01,    0.54356E+02,    0.14968E-17
    0.63817E+01,    0.53734E+02,    0.12805E-17
    0.79940E+01,    0.54977E+02,    0.23799E-17
    0.78453E+01,    0.54764E+02,    0.21734E-17
    0.78530E+01,    0.55235E+02,    0.23915E-17
    0.75637E+01,    0.55351E+02,    0.23643E-17
    0.74375E+01,    0.54777E+02,    0.19019E-17
    0.72968E+01,    0.55106E+02,    0.18525E-17
    0.80515E+01,    0.53902E+02,    0.19238E-17
    0.78526E+01,    0.54201E+02,    0.18775E-17
    0.74302E+01,    0.54065E+02,    0.16240E-17
    0.78934E+01,    0.53554E+02,    0.16017E-17
    0.74532E+01,    0.53616E+02,    0.14626E-17
    0.41451E+01,    0.58492E+02,    0.26231E-17
    0.65731E+01,    0.56265E+02,    0.20670E-17
    0.68489E+01,    0.56402E+02,    0.24185E-17
    0.69186E+01,    0.56747E+02,    0.30250E-17
    0.67637E+01,    0.56906E+02,    0.29271E-17
    0.60692E+01,    0.57792E+02,    0.32720E-17
    0.61553E+01,    0.57548E+02,    0.31739E-17
    0.22768E+01,    0.58552E+02,    0.19611E-17
    0.38918E+01,    0.58355E+02,    0.24529E-17
    0.36266E+01,    0.58511E+02,    0.24018E-17
    0.34850E+01,    0.57321E+02,    0.15667E-17
    0.38902E+01,    0.57990E+02,    0.20378E-17
    0.35167E+01,    0.57821E+02,    0.18350E-17
    0.28172E+01,    0.58054E+02,    0.17851E-17
    0.26407E+01,    0.58412E+02,    0.19612E-17
    0.33268E+01,    0.58408E+02,    0.21663E-17
    0.32184E+01,    0.58083E+02,    0.18117E-17
    0.57900E+01,    0.56068E+02,    0.16334E-17
    0.52642E+01,    0.56051E+02,    0.15682E-17
    0.87645E+00,    0.59137E+02,    0.24294E-17
    0.60540E+00,    0.59338E+02,    0.24473E-17
    0.44972E+00,    0.58708E+02,    0.19404E-17
    0.85678E+00,    0.58736E+02,    0.19178E-17
    0.19707E+00,    0.59044E+02,    0.22101E-17
    0.33307E+00,    0.59273E+02,    0.24837E-17
    0.90823E+01,    0.52101E+02,    0.18352E-17
    0.91193E+01,    0.51850E+02,    0.19865E-17
    0.94863E+01,    0.51834E+02,    0.26201E-17
    0.94135E+01,    0.52244E+02,    0.27796E-17
    0.96285E+01,    0.52124E+02,    0.28379E-17
    0.95670E+01,    0.51401E+02,    0.27250E-17
    0.96579E+01,    0.51659E+02,    0.25857E-17
    0.97930E+01,    0.51208E+02,    0.27703E-17
    0.66837E+01,    0.45654E+02,    0.72649E-18
    0.72217E+01,    0.45838E+02,    0.78563E-18
    0.63849E+01,    0.46272E+02,    0.78647E-18
    0.74520E+01,    0.46362E+02,    0.81912E-18
    0.72885E+01,    0.46858E+02,    0.85739E-18
    0.67594E+01,    0.46952E+02,    0.82676E-18
    0.26778E+01,    0.40497E+02,    0.16369E-17
    0.28861E+01,    0.40742E+02,    0.16212E-17
    0.41709E+01,    0.41219E+02,    0.16333E-17
    0.39981E+01,    0.41009E+02,    0.16223E-17
    0.44449E+01,    0.41178E+02,    0.17849E-17
    0.33247E+01,    0.41132E+02,    0.11101E-17
    0.36038E+01,    0.41222E+02,    0.11575E-17
    0.37452E+01,    0.41022E+02,    0.16955E-17
    0.60691E+01,    0.42208E+02,    0.18826E-17
    0.65044E+01,    0.42750E+02,    0.18430E-17
    0.64248E+01,    0.42520E+02,    0.18442E-17
    0.67898E+01,    0.42826E+02,    0.19520E-17
    0.41662E+01,    0.43390E+02,    0.58109E-18
    0.39145E+01,    0.42891E+02,    0.45093E-18
    0.63160E+01,    0.43470E+02,    0.93220E-18
    0.59432E+01,    0.43514E+02,    0.74947E-18
    0.62982E+01,    0.42945E+02,    0.12051E-17
    0.64379E+01,    0.43175E+02,    0.11921E-17
    0.98615E+01,    0.49752E+02,    0.26339E-17
    0.97101E+01,    0.49514E+02,    0.25684E-17
    0.98285E+01,    0.49271E+02,    0.25704E-17
    0.89943E+01,    0.50158E+02,    0.15227E-17
    0.89943E+01,    0.49841E+02,    0.15415E-17
    0.93043E+01,    0.49757E+02,    0.19434E-17
    0.93043E+01,    0.50243E+02,    0.21056E-17
    0.94760E+01,    0.50000E+02,    0.21251E-17
    0.15735E+01,    0.41386E+02,    0.15605E-18
    0.11926E+01,    0.41560E+02,    0.15499E-18
    0.85680E+00,    0.41264E+02,    0.14688E-18
    0.15753E+01,    0.40980E+02,    0.52388E-18
    0.13466E+01,    0.40750E+02,    0.58485E-18
    0.10843E+01,    0.40700E+02,    0.62901E-18
    0.87646E+00,    0.40863E+02,    0.60030E-18
    0.68739E+01,    0.55642E+02,    0.18655E-17
    0.69277E+01,    0.55222E+02,    0.18457E-17
    0.61250E+01,    0.55707E+02,    0.16527E-17
    0.65350E+01,    0.55862E+02,    0.18646E-17
    0.60774E+01,    0.55155E+02,    0.14958E-17
    0.65412E+01,    0.54889E+02,    0.14980E-17
    0.44449E+01,    0.58822E+02,    0.33429E-17
    0.41709E+01,    0.58781E+02,    0.32546E-17
    0.36038E+01,    0.58778E+02,    0.27709E-17
    0.26778E+01,    0.59503E+02,    0.33804E-17
    0.67900E+01,    0.57173E+02,    0.32061E-17
    0.65047E+01,    0.57250E+02,    0.31766E-17
    0.64249E+01,    0.57480E+02,    0.31761E-17
    0.44187E+01,    0.58363E+02,    0.26230E-17
    0.45907E+01,    0.58579E+02,    0.32348E-17
    0.48560E+01,    0.58569E+02,    0.32262E-17
    0.20701E+01,    0.59124E+02,    0.24591E-17
    0.22511E+01,    0.58905E+02,    0.23250E-17
    0.25176E+01,    0.59049E+02,    0.25494E-17
    0.22463E+01,    0.59422E+02,    0.32638E-17
    0.24783E+01,    0.59370E+02,    0.32774E-17
    0.27678E+01,    0.58981E+02,    0.25646E-17
    0.33247E+01,    0.58868E+02,    0.27738E-17
    0.31500E+01,    0.58663E+02,    0.23612E-17
    0.28651E+01,    0.58696E+02,    0.23744E-17
    0.33135E+01,    0.59127E+02,    0.32544E-17
    0.28861E+01,    0.59258E+02,    0.32668E-17
    0.31088E+01,    0.59317E+02,    0.32044E-17
    0.41665E+01,    0.56611E+02,    0.14757E-17
    0.39145E+01,    0.57110E+02,    0.15851E-17
    0.63187E+01,    0.56529E+02,    0.20555E-17
    0.59456E+01,    0.56486E+02,    0.19523E-17
    0.62991E+01,    0.57055E+02,    0.24646E-17
    0.64395E+01,    0.56823E+02,    0.25368E-17
    0.31088E+01,    0.40683E+02,    0.15175E-17
    0.33135E+01,    0.40873E+02,    0.15301E-17
    0.35708E+01,    0.40782E+02,    0.17679E-17
    0.50616E+01,    0.43471E+02,    0.60070E-18
    0.46782E+01,    0.43287E+02,    0.66117E-18
    0.52685E+01,    0.41677E+02,    0.17495E-17
    0.49876E+01,    0.41678E+02,    0.17194E-17
    0.35708E+01,    0.59218E+02,    0.34190E-17
    0.39981E+01,    0.58992E+02,    0.32140E-17
    0.37452E+01,    0.58978E+02,    0.32539E-17
    0.50626E+01,    0.56530E+02,    0.15757E-17
    0.46787E+01,    0.56714E+02,    0.15696E-17
    0.52685E+01,    0.58323E+02,    0.32445E-17
    0.49876E+01,    0.58322E+02,    0.32302E-17
    0.57458E+01,    0.43158E+02,    0.73996E-18
    0.53891E+01,    0.43097E+02,    0.79476E-18
    0.59154E+01,    0.42620E+02,    0.11425E-17
    0.59789E+01,    0.42883E+02,    0.11267E-17
    0.46695E+01,    0.42744E+02,    0.52243E-18
    0.42338E+01,    0.42166E+02,    0.57268E-18
    0.42897E+01,    0.42546E+02,    0.60406E-18
    0.45091E+01,    0.41929E+02,    0.10337E-17
    0.48126E+01,    0.41960E+02,    0.98957E-18
    0.57471E+01,    0.56843E+02,    0.19605E-17
    0.53900E+01,    0.56903E+02,    0.19722E-17
    0.59158E+01,    0.57380E+02,    0.25061E-17
    0.59798E+01,    0.57116E+02,    0.24453E-17
    0.46697E+01,    0.57256E+02,    0.19068E-17
    0.42339E+01,    0.57834E+02,    0.20614E-17
    0.42898E+01,    0.57454E+02,    0.19024E-17
    0.45091E+01,    0.58071E+02,    0.24883E-17
    0.48127E+01,    0.58040E+02,    0.24789E-17
    0.56840E+01,    0.42443E+02,    0.11251E-17
    0.53950E+01,    0.41925E+02,    0.17464E-17
    0.57947E+01,    0.42174E+02,    0.17765E-17
    0.56778E+01,    0.41940E+02,    0.17891E-17
    0.56843E+01,    0.57557E+02,    0.25128E-17
    0.53951E+01,    0.58075E+02,    0.32373E-17
    0.57948E+01,    0.57826E+02,    0.32253E-17
    0.56778E+01,    0.58060E+02,    0.32573E-17
    0.49534E+01,    0.42202E+02,    0.98125E-18
    0.52548E+01,    0.42169E+02,    0.11311E-17
    0.49260E+01,    0.42560E+02,    0.66899E-18
    0.52622E+01,    0.42729E+02,    0.75695E-18
    0.54268E+01,    0.42453E+02,    0.11497E-17
    0.49535E+01,    0.57798E+02,    0.25390E-17
    0.52549E+01,    0.57831E+02,    0.26030E-17
    0.49262E+01,    0.57441E+02,    0.20261E-17
    0.52626E+01,    0.57272E+02,    0.20402E-17
    0.54271E+01,    0.57547E+02,    0.25246E-17
